1.000000000000000000e+01 9.819145476349557811e-01 2.999999999999999889e-02
1.005050505050505016e+01 9.059345537843708218e-01 2.999999999999999889e-02
1.010101010101010033e+01 9.351886074083441969e-01 2.999999999999999889e-02
1.015151515151515227e+01 9.514599772979520642e-01 2.999999999999999889e-02
1.020202020202020243e+01 9.534112804153941356e-01 2.999999999999999889e-02
1.025252525252525260e+01 9.578631568750408665e-01 2.999999999999999889e-02
1.030303030303030276e+01 9.599533819999670481e-01 2.999999999999999889e-02
1.035353535353535293e+01 1.004082804879224300e+00 2.999999999999999889e-02
1.040404040404040487e+01 9.007575920812918024e-01 2.999999999999999889e-02
1.045454545454545503e+01 9.734012152885783697e-01 2.999999999999999889e-02
1.050505050505050519e+01 9.511219798575946127e-01 2.999999999999999889e-02
1.055555555555555536e+01 9.460529937715670412e-01 2.999999999999999889e-02
1.060606060606060552e+01 9.711345679821683508e-01 2.999999999999999889e-02
1.065656565656565746e+01 1.049459826801423246e+00 2.999999999999999889e-02
1.070707070707070763e+01 9.609193599346862458e-01 2.999999999999999889e-02
1.075757575757575779e+01 9.756688288049313318e-01 2.999999999999999889e-02
1.080808080808080796e+01 9.618356417048522511e-01 2.999999999999999889e-02
1.085858585858585812e+01 9.612284908265850136e-01 2.999999999999999889e-02
1.090909090909090828e+01 9.478584299792371937e-01 2.999999999999999889e-02
1.095959595959596022e+01 9.705102480818876831e-01 2.999999999999999889e-02
1.101010101010101039e+01 9.450155375006359382e-01 2.999999999999999889e-02
1.106060606060606055e+01 9.901136003330853752e-01 2.999999999999999889e-02
1.111111111111111072e+01 9.387693074778801217e-01 2.999999999999999889e-02
1.116161616161616088e+01 9.584012227865424949e-01 2.999999999999999889e-02
1.121212121212121282e+01 9.409508258759639032e-01 2.999999999999999889e-02
1.126262626262626299e+01 9.488293677075458898e-01 2.999999999999999889e-02
1.131313131313131315e+01 9.762437674507984386e-01 2.999999999999999889e-02
1.136363636363636331e+01 9.437160539766246137e-01 2.999999999999999889e-02
1.141414141414141348e+01 9.368384508264798738e-01 2.999999999999999889e-02
1.146464646464646364e+01 9.597247828417933002e-01 2.999999999999999889e-02
1.151515151515151558e+01 9.696597837087349570e-01 2.999999999999999889e-02
1.156565656565656575e+01 9.595969033434855744e-01 2.999999999999999889e-02
1.161616161616161591e+01 1.026830104462940207e+00 2.999999999999999889e-02
1.166666666666666607e+01 9.872881707372446192e-01 2.999999999999999889e-02
1.171717171717171624e+01 9.473294245044896478e-01 2.999999999999999889e-02
1.176767676767676818e+01 9.795737237303026035e-01 2.999999999999999889e-02
1.181818181818181834e+01 9.717343468612821278e-01 2.999999999999999889e-02
1.186868686868686851e+01 1.031996135237684520e+00 2.999999999999999889e-02
1.191919191919191867e+01 9.769421936520014116e-01 2.999999999999999889e-02
1.196969696969696884e+01 9.856639530253816783e-01 2.999999999999999889e-02
1.202020202020202078e+01 9.835604513798984483e-01 2.999999999999999889e-02
1.207070707070707094e+01 9.549242680478136069e-01 2.999999999999999889e-02
1.212121212121212110e+01 9.606477048033663646e-01 2.999999999999999889e-02
1.217171717171717127e+01 9.545043216920462426e-01 2.999999999999999889e-02
1.222222222222222143e+01 9.554789646946383330e-01 2.999999999999999889e-02
1.227272727272727337e+01 8.759544453253432783e-01 2.999999999999999889e-02
1.232323232323232354e+01 8.612659994276007369e-01 2.999999999999999889e-02
1.237373737373737370e+01 8.689621176285127202e-01 2.999999999999999889e-02
1.242424242424242387e+01 7.794325134499613394e-01 2.999999999999999889e-02
1.247474747474747403e+01 7.415803731733551230e-01 2.999999999999999889e-02
1.252525252525252597e+01 7.716277673385646407e-01 2.999999999999999889e-02
1.257575757575757613e+01 6.901249536890414760e-01 2.999999999999999889e-02
1.262626262626262630e+01 6.540380309274799187e-01 2.999999999999999889e-02
1.267676767676767646e+01 7.301175382470361797e-01 2.999999999999999889e-02
1.272727272727272663e+01 6.652185251261621968e-01 2.999999999999999889e-02
1.277777777777777857e+01 7.397220389368418525e-01 2.999999999999999889e-02
1.282828282828282873e+01 7.364544583260882460e-01 2.999999999999999889e-02
1.287878787878787890e+01 8.684438235754303737e-01 2.999999999999999889e-02
1.292929292929292906e+01 8.302367629751176148e-01 2.999999999999999889e-02
1.297979797979797922e+01 8.722216310505952475e-01 2.999999999999999889e-02
1.303030303030303116e+01 8.401864127888306610e-01 2.999999999999999889e-02
1.308080808080808133e+01 9.224131728788926843e-01 2.999999999999999889e-02
1.313131313131313149e+01 9.514642117586679104e-01 2.999999999999999889e-02
1.318181818181818166e+01 9.377095561496021636e-01 2.999999999999999889e-02
1.323232323232323182e+01 9.341230853269040235e-01 2.999999999999999889e-02
1.328282828282828376e+01 9.695099314049996364e-01 2.999999999999999889e-02
1.333333333333333393e+01 1.014834013036374216e+00 2.999999999999999889e-02
1.338383838383838409e+01 9.603339612205568088e-01 2.999999999999999889e-02
1.343434343434343425e+01 9.249141070629527395e-01 2.999999999999999889e-02
1.348484848484848442e+01 9.564591843439423924e-01 2.999999999999999889e-02
1.353535353535353636e+01 1.008187864384102017e+00 2.999999999999999889e-02
1.358585858585858475e+01 9.786595072465051892e-01 2.999999999999999889e-02
1.363636363636363669e+01 9.284835507714561675e-01 2.999999999999999889e-02
1.368686868686868685e+01 9.836560604746381609e-01 2.999999999999999889e-02
1.373737373737373701e+01 9.978106765308221160e-01 2.999999999999999889e-02
1.378787878787878718e+01 9.128487773296695140e-01 2.999999999999999889e-02
1.383838383838383734e+01 9.784433351748540453e-01 2.999999999999999889e-02
1.388888888888888928e+01 9.434222127554692250e-01 2.999999999999999889e-02
1.393939393939393945e+01 1.006652744464435534e+00 2.999999999999999889e-02
1.398989898989898961e+01 9.625344948669286582e-01 2.999999999999999889e-02
1.404040404040404155e+01 1.006787458294037485e+00 2.999999999999999889e-02
1.409090909090908994e+01 9.329871183218687580e-01 2.999999999999999889e-02
1.414141414141414188e+01 9.795596823901638883e-01 2.999999999999999889e-02
1.419191919191919204e+01 9.913646026399122180e-01 2.999999999999999889e-02
1.424242424242424221e+01 9.082131521906677829e-01 2.999999999999999889e-02
1.429292929292929415e+01 9.658875631196339739e-01 2.999999999999999889e-02
1.434343434343434254e+01 8.871694463857224822e-01 2.999999999999999889e-02
1.439393939393939448e+01 9.240035490647064975e-01 2.999999999999999889e-02
1.444444444444444464e+01 9.843358878023670266e-01 2.999999999999999889e-02
1.449494949494949481e+01 9.110954116334298858e-01 2.999999999999999889e-02
1.454545454545454497e+01 9.296985838054937501e-01 2.999999999999999889e-02
1.459595959595959513e+01 9.476713227580947363e-01 2.999999999999999889e-02
1.464646464646464707e+01 9.154391114710421773e-01 2.999999999999999889e-02
1.469696969696969724e+01 9.735186429321468493e-01 2.999999999999999889e-02
1.474747474747474740e+01 9.262879447134769739e-01 2.999999999999999889e-02
1.479797979797979757e+01 9.591583362295357240e-01 2.999999999999999889e-02
1.484848484848484773e+01 9.890062494330931209e-01 2.999999999999999889e-02
1.489898989898989967e+01 8.979488525912981967e-01 2.999999999999999889e-02
1.494949494949494984e+01 9.921993202514027832e-01 2.999999999999999889e-02
1.500000000000000000e+01 9.346002779530333537e-01 2.999999999999999889e-02
