1.000000000000000000e+00 9.786383163235514715e-01 2.000000000000000042e-02
1.040404040404040442e+00 1.027242907363877356e+00 2.000000000000000042e-02
1.080808080808080884e+00 1.023855828595826800e+00 2.000000000000000042e-02
1.121212121212121104e+00 1.000409255664379105e+00 2.000000000000000042e-02
1.161616161616161547e+00 1.009505386340245225e+00 2.000000000000000042e-02
1.202020202020201989e+00 9.943270232139609366e-01 2.000000000000000042e-02
1.242424242424242431e+00 9.994798896053532777e-01 2.000000000000000042e-02
1.282828282828282873e+00 1.001659505842397380e+00 2.000000000000000042e-02
1.323232323232323315e+00 9.853319275880788597e-01 2.000000000000000042e-02
1.363636363636363757e+00 1.020546442663224251e+00 2.000000000000000042e-02
1.404040404040403978e+00 1.040367805433458193e+00 2.000000000000000042e-02
1.444444444444444420e+00 9.832985150232301796e-01 2.000000000000000042e-02
1.484848484848484862e+00 1.007913768804317156e+00 2.000000000000000042e-02
1.525252525252525304e+00 9.901085080714184805e-01 2.000000000000000042e-02
1.565656565656565746e+00 9.965861610549072713e-01 2.000000000000000042e-02
1.606060606060605966e+00 9.810098574163931273e-01 2.000000000000000042e-02
1.646464646464646631e+00 1.027523849620825214e+00 2.000000000000000042e-02
1.686868686868686851e+00 9.966268390083480311e-01 2.000000000000000042e-02
1.727272727272727293e+00 9.954298276947163293e-01 2.000000000000000042e-02
1.767676767676767735e+00 9.875833873007749952e-01 2.000000000000000042e-02
1.808080808080808177e+00 1.037311999877998492e+00 2.000000000000000042e-02
1.848484848484848619e+00 9.982630293858353321e-01 2.000000000000000042e-02
1.888888888888888840e+00 9.708822344810444926e-01 2.000000000000000042e-02
1.929292929292929504e+00 9.949605524363266396e-01 2.000000000000000042e-02
1.969696969696969724e+00 9.810833473349804823e-01 2.000000000000000042e-02
2.010101010101010388e+00 1.000339054038049236e+00 2.000000000000000042e-02
2.050505050505050608e+00 9.665933987147493633e-01 2.000000000000000042e-02
2.090909090909090828e+00 1.017094590792004594e+00 2.000000000000000042e-02
2.131313131313131493e+00 9.916811960269968917e-01 2.000000000000000042e-02
2.171717171717171713e+00 1.004771366870091942e+00 2.000000000000000042e-02
2.212121212121211933e+00 9.687211408216025443e-01 2.000000000000000042e-02
2.252525252525252597e+00 9.716113774525415581e-01 2.000000000000000042e-02
2.292929292929293261e+00 9.943028152161700328e-01 2.000000000000000042e-02
2.333333333333333481e+00 1.008504880304206708e+00 2.000000000000000042e-02
2.373737373737373701e+00 1.003576611629585003e+00 2.000000000000000042e-02
2.414141414141414366e+00 9.991038252392435703e-01 2.000000000000000042e-02
2.454545454545454586e+00 9.803411651923563674e-01 2.000000000000000042e-02
2.494949494949494806e+00 9.475182817277375547e-01 2.000000000000000042e-02
2.535353535353535470e+00 9.799505067173834849e-01 2.000000000000000042e-02
2.575757575757576134e+00 9.971082018736878716e-01 2.000000000000000042e-02
2.616161616161616355e+00 9.964908108107964901e-01 2.000000000000000042e-02
2.656565656565656575e+00 9.883747166233741721e-01 2.000000000000000042e-02
2.696969696969697239e+00 1.020434214549833296e+00 2.000000000000000042e-02
2.737373737373737459e+00 1.030195033086938938e+00 2.000000000000000042e-02
2.777777777777777679e+00 9.983155050484245896e-01 2.000000000000000042e-02
2.818181818181818343e+00 1.005965895250592768e+00 2.000000000000000042e-02
2.858585858585859008e+00 1.006380916297942019e+00 2.000000000000000042e-02
2.898989898989899228e+00 1.000878819198984360e+00 2.000000000000000042e-02
2.939393939393939448e+00 9.836380893812642912e-01 2.000000000000000042e-02
2.979797979797980112e+00 9.981978710495272855e-01 2.000000000000000042e-02
3.020202020202020332e+00 9.879307372012053889e-01 2.000000000000000042e-02
3.060606060606060996e+00 1.004553095992200440e+00 2.000000000000000042e-02
3.101010101010101216e+00 1.013159277771753963e+00 2.000000000000000042e-02
3.141414141414141437e+00 9.904343475220865889e-01 2.000000000000000042e-02
3.181818181818182101e+00 9.756298898332115277e-01 2.000000000000000042e-02
3.222222222222222321e+00 9.719031908677869813e-01 2.000000000000000042e-02
3.262626262626262985e+00 9.621661689502318815e-01 2.000000000000000042e-02
3.303030303030303205e+00 9.387906708833848590e-01 2.000000000000000042e-02
3.343434343434343425e+00 9.375787969094515617e-01 2.000000000000000042e-02
3.383838383838384090e+00 8.808611014576196441e-01 2.000000000000000042e-02
3.424242424242424310e+00 8.640029761027576694e-01 2.000000000000000042e-02
3.464646464646464974e+00 8.813584867018708913e-01 2.000000000000000042e-02
3.505050505050505194e+00 8.558723888903501109e-01 2.000000000000000042e-02
3.545454545454545858e+00 8.047355569213638926e-01 2.000000000000000042e-02
3.585858585858586078e+00 7.425828651339207997e-01 2.000000000000000042e-02
3.626262626262626299e+00 7.528522274526519009e-01 2.000000000000000042e-02
3.666666666666666963e+00 7.596266920624803465e-01 2.000000000000000042e-02
3.707070707070707183e+00 7.460233299811748209e-01 2.000000000000000042e-02
3.747474747474747847e+00 7.404721236070156420e-01 2.000000000000000042e-02
3.787878787878788067e+00 7.773408482277731624e-01 2.000000000000000042e-02
3.828282828282828731e+00 7.490809277008466660e-01 2.000000000000000042e-02
3.868686868686868952e+00 7.950817369985379024e-01 2.000000000000000042e-02
3.909090909090909172e+00 7.963054061338595835e-01 2.000000000000000042e-02
3.949494949494949836e+00 8.372040547929997523e-01 2.000000000000000042e-02
3.989898989898990056e+00 8.620267483846589807e-01 2.000000000000000042e-02
4.030303030303031164e+00 9.289746554659632505e-01 2.000000000000000042e-02
4.070707070707070940e+00 9.091804177730413716e-01 2.000000000000000042e-02
4.111111111111110716e+00 9.818996051184549767e-01 2.000000000000000042e-02
4.151515151515152269e+00 9.412501327554536612e-01 2.000000000000000042e-02
4.191919191919192045e+00 9.869066228573653010e-01 2.000000000000000042e-02
4.232323232323232709e+00 9.898840526956197428e-01 2.000000000000000042e-02
4.272727272727273373e+00 9.495311786288650469e-01 2.000000000000000042e-02
4.313131313131313149e+00 9.869082684055345833e-01 2.000000000000000042e-02
4.353535353535353813e+00 1.005278082662409034e+00 2.000000000000000042e-02
4.393939393939394478e+00 1.018745545825008980e+00 2.000000000000000042e-02
4.434343434343434254e+00 1.027282283821727260e+00 2.000000000000000042e-02
4.474747474747474918e+00 9.744766666493618334e-01 2.000000000000000042e-02
4.515151515151515582e+00 1.022219406936465180e+00 2.000000000000000042e-02
4.555555555555555358e+00 9.964453527189619519e-01 2.000000000000000042e-02
4.595959595959596911e+00 9.723604557279147409e-01 2.000000000000000042e-02
4.636363636363636687e+00 1.006308872007456445e+00 2.000000000000000042e-02
4.676767676767676463e+00 9.628019321568211941e-01 2.000000000000000042e-02
4.717171717171718015e+00 9.578046680519397560e-01 2.000000000000000042e-02
4.757575757575757791e+00 9.691713517943121303e-01 2.000000000000000042e-02
4.797979797979798455e+00 9.581716452335573564e-01 2.000000000000000042e-02
4.838383838383839120e+00 1.028247801471333212e+00 2.000000000000000042e-02
4.878787878787878896e+00 1.027134467897372394e+00 2.000000000000000042e-02
4.919191919191919560e+00 1.010316673358712336e+00 2.000000000000000042e-02
4.959595959595960224e+00 9.768098643424749650e-01 2.000000000000000042e-02
5.000000000000000000e+00 1.018435786163116585e+00 2.000000000000000042e-02
