5.000000000000000000e+00 3.495550420082518817e-01 5.000000000000000278e-02
5.007007007007007182e+00 2.917836265342244051e-01 5.000000000000000278e-02
5.014014014014014364e+00 2.820878173230085273e-01 5.000000000000000278e-02
5.021021021021020658e+00 2.502976682243494011e-01 5.000000000000000278e-02
5.028028028028027840e+00 3.314548912286855442e-01 5.000000000000000278e-02
5.035035035035035023e+00 3.145069250620000090e-01 5.000000000000000278e-02
5.042042042042042205e+00 3.173879298459816312e-01 5.000000000000000278e-02
5.049049049049049387e+00 3.067000628330234790e-01 5.000000000000000278e-02
5.056056056056055681e+00 1.980598427291415109e-01 5.000000000000000278e-02
5.063063063063062863e+00 3.183311185042231317e-01 5.000000000000000278e-02
5.070070070070070045e+00 3.375092486504203126e-01 5.000000000000000278e-02
5.077077077077077227e+00 3.079918345784020128e-01 5.000000000000000278e-02
5.084084084084084409e+00 2.825234022245705634e-01 5.000000000000000278e-02
5.091091091091090703e+00 3.882252596344493156e-01 5.000000000000000278e-02
5.098098098098097886e+00 3.189780166115621651e-01 5.000000000000000278e-02
5.105105105105105068e+00 3.210385748933353156e-01 5.000000000000000278e-02
5.112112112112112250e+00 3.508398451130295692e-01 5.000000000000000278e-02
5.119119119119119432e+00 3.598002423692432394e-01 5.000000000000000278e-02
5.126126126126125726e+00 3.074730447019748403e-01 5.000000000000000278e-02
5.133133133133132908e+00 2.856125009175614071e-01 5.000000000000000278e-02
5.140140140140140090e+00 2.910526563988454218e-01 5.000000000000000278e-02
5.147147147147147273e+00 2.433133978538585818e-01 5.000000000000000278e-02
5.154154154154154455e+00 2.915552001373443725e-01 5.000000000000000278e-02
5.161161161161160749e+00 2.472163974176352363e-01 5.000000000000000278e-02
5.168168168168167931e+00 3.192108845717381849e-01 5.000000000000000278e-02
5.175175175175175113e+00 1.994016474162787489e-01 5.000000000000000278e-02
5.182182182182182295e+00 3.095331778200646200e-01 5.000000000000000278e-02
5.189189189189189477e+00 3.673405090606517431e-01 5.000000000000000278e-02
5.196196196196195771e+00 2.816519877891027201e-01 5.000000000000000278e-02
5.203203203203202953e+00 2.506291258609510963e-01 5.000000000000000278e-02
5.210210210210210136e+00 2.516210312673531346e-01 5.000000000000000278e-02
5.217217217217217318e+00 3.743453440619810557e-01 5.000000000000000278e-02
5.224224224224224500e+00 2.573772759530872922e-01 5.000000000000000278e-02
5.231231231231230794e+00 2.080623746891579473e-01 5.000000000000000278e-02
5.238238238238237976e+00 1.854589417897990478e-01 5.000000000000000278e-02
5.245245245245245158e+00 1.893127368748659667e-01 5.000000000000000278e-02
5.252252252252252340e+00 1.012621099397961189e-01 5.000000000000000278e-02
5.259259259259259522e+00 2.400911257205342597e-01 5.000000000000000278e-02
5.266266266266265816e+00 2.845796877878514763e-01 5.000000000000000278e-02
5.273273273273272999e+00 2.268991500623736279e-01 5.000000000000000278e-02
5.280280280280280181e+00 3.259305813884686986e-01 5.000000000000000278e-02
5.287287287287287363e+00 1.856241403434871207e-01 5.000000000000000278e-02
5.294294294294294545e+00 2.485817604691908378e-01 5.000000000000000278e-02
5.301301301301300839e+00 3.003611651688334883e-01 5.000000000000000278e-02
5.308308308308308021e+00 1.795566842878185132e-01 5.000000000000000278e-02
5.315315315315315203e+00 3.405738247823472120e-01 5.000000000000000278e-02
5.322322322322322385e+00 2.432197166249342457e-01 5.000000000000000278e-02
5.329329329329329568e+00 2.987761804975288538e-01 5.000000000000000278e-02
5.336336336336335862e+00 2.795867202047879752e-01 5.000000000000000278e-02
5.343343343343343044e+00 2.203378881555875524e-01 5.000000000000000278e-02
5.350350350350350226e+00 2.920776193619448180e-01 5.000000000000000278e-02
5.357357357357357408e+00 1.901980469136270724e-01 5.000000000000000278e-02
5.364364364364364590e+00 2.483776034274023936e-01 5.000000000000000278e-02
5.371371371371371772e+00 2.823194103841099034e-01 5.000000000000000278e-02
5.378378378378378066e+00 3.342634049139012187e-01 5.000000000000000278e-02
5.385385385385385248e+00 3.456097739521797330e-01 5.000000000000000278e-02
5.392392392392392431e+00 2.237868143084519312e-01 5.000000000000000278e-02
5.399399399399399613e+00 2.701597548012590333e-01 5.000000000000000278e-02
5.406406406406406795e+00 2.484800417657495597e-01 5.000000000000000278e-02
5.413413413413413089e+00 3.227999391362764703e-01 5.000000000000000278e-02
5.420420420420420271e+00 2.153304414173881076e-01 5.000000000000000278e-02
5.427427427427427453e+00 2.644708755950636037e-01 5.000000000000000278e-02
5.434434434434434635e+00 2.513129088675498668e-01 5.000000000000000278e-02
5.441441441441441818e+00 2.612387408288478485e-01 5.000000000000000278e-02
5.448448448448448111e+00 2.598789412577243718e-01 5.000000000000000278e-02
5.455455455455455294e+00 2.008259835526416959e-01 5.000000000000000278e-02
5.462462462462462476e+00 3.110863731325785864e-01 5.000000000000000278e-02
5.469469469469469658e+00 3.104789609005032536e-01 5.000000000000000278e-02
5.476476476476476840e+00 2.640193037730951819e-01 5.000000000000000278e-02
5.483483483483483134e+00 3.328832407979068764e-01 5.000000000000000278e-02
5.490490490490490316e+00 3.419834972293687714e-01 5.000000000000000278e-02
5.497497497497497498e+00 1.491774644365483626e-01 5.000000000000000278e-02
5.504504504504504681e+00 3.086193790569117801e-01 5.000000000000000278e-02
5.511511511511511863e+00 3.234296977301371334e-01 5.000000000000000278e-02
5.518518518518518157e+00 3.662357265712862797e-01 5.000000000000000278e-02
5.525525525525525339e+00 2.583996445922875917e-01 5.000000000000000278e-02
5.532532532532532521e+00 3.282345835999952444e-01 5.000000000000000278e-02
5.539539539539539703e+00 2.889620516429757813e-01 5.000000000000000278e-02
5.546546546546546885e+00 3.429874559450155069e-01 5.000000000000000278e-02
5.553553553553553179e+00 2.789364390226485857e-01 5.000000000000000278e-02
5.560560560560560361e+00 3.387208202187106387e-01 5.000000000000000278e-02
5.567567567567567544e+00 1.917904748206007426e-01 5.000000000000000278e-02
5.574574574574574726e+00 2.929000443278529375e-01 5.000000000000000278e-02
5.581581581581581908e+00 3.272065484381407319e-01 5.000000000000000278e-02
5.588588588588588202e+00 3.083233901508883879e-01 5.000000000000000278e-02
5.595595595595595384e+00 3.743293382033073269e-01 5.000000000000000278e-02
5.602602602602602566e+00 3.773909000488874232e-01 5.000000000000000278e-02
5.609609609609609748e+00 2.898579279068695391e-01 5.000000000000000278e-02
5.616616616616616930e+00 3.645272429386666180e-01 5.000000000000000278e-02
5.623623623623624113e+00 2.976101675481080955e-01 5.000000000000000278e-02
5.630630630630630407e+00 3.294701903209291127e-01 5.000000000000000278e-02
5.637637637637637589e+00 3.747285705250668619e-01 5.000000000000000278e-02
5.644644644644644771e+00 4.392786251671427222e-01 5.000000000000000278e-02
5.651651651651651953e+00 3.362441461688381872e-01 5.000000000000000278e-02
5.658658658658659135e+00 4.307096817088054141e-01 5.000000000000000278e-02
5.665665665665665429e+00 4.101065820858389999e-01 5.000000000000000278e-02
5.672672672672672611e+00 3.759890149642642898e-01 5.000000000000000278e-02
5.679679679679679793e+00 3.834943733195352866e-01 5.000000000000000278e-02
5.686686686686686976e+00 4.746604883584493728e-01 5.000000000000000278e-02
5.693693693693694158e+00 4.612309609156100554e-01 5.000000000000000278e-02
5.700700700700700452e+00 4.074002405205980337e-01 5.000000000000000278e-02
5.707707707707707634e+00 4.195997704293267239e-01 5.000000000000000278e-02
5.714714714714714816e+00 4.595942695531431976e-01 5.000000000000000278e-02
5.721721721721721998e+00 4.858007604315269790e-01 5.000000000000000278e-02
5.728728728728729180e+00 4.554321386703684138e-01 5.000000000000000278e-02
5.735735735735735474e+00 4.156466605081234333e-01 5.000000000000000278e-02
5.742742742742742657e+00 5.081692203946145403e-01 5.000000000000000278e-02
5.749749749749749839e+00 4.584346568238292785e-01 5.000000000000000278e-02
5.756756756756757021e+00 4.275123613034491621e-01 5.000000000000000278e-02
5.763763763763764203e+00 5.387017922434640393e-01 5.000000000000000278e-02
5.770770770770770497e+00 5.254311800566583424e-01 5.000000000000000278e-02
5.777777777777777679e+00 4.477458252219599921e-01 5.000000000000000278e-02
5.784784784784784861e+00 4.419087850958118846e-01 5.000000000000000278e-02
5.791791791791792043e+00 4.591730606580639029e-01 5.000000000000000278e-02
5.798798798798799226e+00 4.317965132205709988e-01 5.000000000000000278e-02
5.805805805805805520e+00 5.718391652273679959e-01 5.000000000000000278e-02
5.812812812812812702e+00 5.392242171217757063e-01 5.000000000000000278e-02
5.819819819819819884e+00 4.605445637587024521e-01 5.000000000000000278e-02
5.826826826826827066e+00 4.024768221422839742e-01 5.000000000000000278e-02
5.833833833833834248e+00 4.877102152501799348e-01 5.000000000000000278e-02
5.840840840840840542e+00 5.189511307005035823e-01 5.000000000000000278e-02
5.847847847847847724e+00 4.867242615325863553e-01 5.000000000000000278e-02
5.854854854854854906e+00 5.075407319430873532e-01 5.000000000000000278e-02
5.861861861861862089e+00 4.781481529736780756e-01 5.000000000000000278e-02
5.868868868868869271e+00 5.568825181068011165e-01 5.000000000000000278e-02
5.875875875875875565e+00 5.507637570616153999e-01 5.000000000000000278e-02
5.882882882882882747e+00 5.328411434829942728e-01 5.000000000000000278e-02
5.889889889889889929e+00 5.598507449869740693e-01 5.000000000000000278e-02
5.896896896896897111e+00 5.135950940967931588e-01 5.000000000000000278e-02
5.903903903903904293e+00 5.006160972725550717e-01 5.000000000000000278e-02
5.910910910910910587e+00 5.735947446436646668e-01 5.000000000000000278e-02
5.917917917917917769e+00 6.933778090804052496e-01 5.000000000000000278e-02
5.924924924924924952e+00 5.265041049239810311e-01 5.000000000000000278e-02
5.931931931931932134e+00 5.580081225975028758e-01 5.000000000000000278e-02
5.938938938938939316e+00 6.071342869011737697e-01 5.000000000000000278e-02
5.945945945945945610e+00 6.151619516819116784e-01 5.000000000000000278e-02
5.952952952952952792e+00 5.768397266394337253e-01 5.000000000000000278e-02
5.959959959959959974e+00 6.840256373125579437e-01 5.000000000000000278e-02
5.966966966966967156e+00 5.460763351778694652e-01 5.000000000000000278e-02
5.973973973973974338e+00 6.124983516819293428e-01 5.000000000000000278e-02
5.980980980980980632e+00 6.555540575311409324e-01 5.000000000000000278e-02
5.987987987987987815e+00 5.805398766839172664e-01 5.000000000000000278e-02
5.994994994994994997e+00 6.183756279741928763e-01 5.000000000000000278e-02
6.002002002002002179e+00 6.673270653497412885e-01 5.000000000000000278e-02
6.009009009009009361e+00 6.104489546647189346e-01 5.000000000000000278e-02
6.016016016016015655e+00 7.304219632447629396e-01 5.000000000000000278e-02
6.023023023023022837e+00 6.569584625196300820e-01 5.000000000000000278e-02
6.030030030030030019e+00 6.671582240740452363e-01 5.000000000000000278e-02
6.037037037037037202e+00 7.233875420681017410e-01 5.000000000000000278e-02
6.044044044044044384e+00 6.088905611131264495e-01 5.000000000000000278e-02
6.051051051051050678e+00 7.082183796971531775e-01 5.000000000000000278e-02
6.058058058058057860e+00 6.305782688551260229e-01 5.000000000000000278e-02
6.065065065065065042e+00 6.324683874686848339e-01 5.000000000000000278e-02
6.072072072072072224e+00 7.053864989231166671e-01 5.000000000000000278e-02
6.079079079079079406e+00 6.049431304563295253e-01 5.000000000000000278e-02
6.086086086086085700e+00 6.686760014252604023e-01 5.000000000000000278e-02
6.093093093093092882e+00 6.383098880465227776e-01 5.000000000000000278e-02
6.100100100100100065e+00 7.153481296023751490e-01 5.000000000000000278e-02
6.107107107107107247e+00 7.636878555949188074e-01 5.000000000000000278e-02
6.114114114114114429e+00 7.337110187734291467e-01 5.000000000000000278e-02
6.121121121121120723e+00 7.388426824107793278e-01 5.000000000000000278e-02
6.128128128128127905e+00 7.139436034803248177e-01 5.000000000000000278e-02
6.135135135135135087e+00 7.124017851136896784e-01 5.000000000000000278e-02
6.142142142142142269e+00 7.469400342926916236e-01 5.000000000000000278e-02
6.149149149149149451e+00 6.988089843529999845e-01 5.000000000000000278e-02
6.156156156156155745e+00 8.576353509786722729e-01 5.000000000000000278e-02
6.163163163163162928e+00 6.348961546404128242e-01 5.000000000000000278e-02
6.170170170170170110e+00 7.897662862196049849e-01 5.000000000000000278e-02
6.177177177177177292e+00 7.419784217095607426e-01 5.000000000000000278e-02
6.184184184184184474e+00 6.940935951454594299e-01 5.000000000000000278e-02
6.191191191191190768e+00 7.586723830368026222e-01 5.000000000000000278e-02
6.198198198198197950e+00 7.369037185034469362e-01 5.000000000000000278e-02
6.205205205205205132e+00 7.497442623582900589e-01 5.000000000000000278e-02
6.212212212212212314e+00 7.967844825165073530e-01 5.000000000000000278e-02
6.219219219219219497e+00 8.236031828162039270e-01 5.000000000000000278e-02
6.226226226226225791e+00 7.149250904053868760e-01 5.000000000000000278e-02
6.233233233233232973e+00 6.459417520402884749e-01 5.000000000000000278e-02
6.240240240240240155e+00 7.537073304336212587e-01 5.000000000000000278e-02
6.247247247247247337e+00 8.561996691451621011e-01 5.000000000000000278e-02
6.254254254254254519e+00 8.456063972005668505e-01 5.000000000000000278e-02
6.261261261261260813e+00 6.940364938830214658e-01 5.000000000000000278e-02
6.268268268268267995e+00 8.834296855497150158e-01 5.000000000000000278e-02
6.275275275275275177e+00 8.154423588024179992e-01 5.000000000000000278e-02
6.282282282282282360e+00 9.116887702029743412e-01 5.000000000000000278e-02
6.289289289289289542e+00 7.885055880266574890e-01 5.000000000000000278e-02
6.296296296296295836e+00 8.568543770761346545e-01 5.000000000000000278e-02
6.303303303303303018e+00 8.692507088610107457e-01 5.000000000000000278e-02
6.310310310310310200e+00 8.529303093684638126e-01 5.000000000000000278e-02
6.317317317317317382e+00 8.722771354144284173e-01 5.000000000000000278e-02
6.324324324324324564e+00 8.605387477270159957e-01 5.000000000000000278e-02
6.331331331331330858e+00 8.337235763707349090e-01 5.000000000000000278e-02
6.338338338338338041e+00 8.082734205418218298e-01 5.000000000000000278e-02
6.345345345345345223e+00 8.607675177529814370e-01 5.000000000000000278e-02
6.352352352352352405e+00 7.833564047902664695e-01 5.000000000000000278e-02
6.359359359359359587e+00 8.970944547860970619e-01 5.000000000000000278e-02
6.366366366366365881e+00 8.620622702574837204e-01 5.000000000000000278e-02
6.373373373373373063e+00 9.209652201951943340e-01 5.000000000000000278e-02
6.380380380380380245e+00 8.420869318457778752e-01 5.000000000000000278e-02
6.387387387387387427e+00 9.374489810607474771e-01 5.000000000000000278e-02
6.394394394394394610e+00 9.160014970755644415e-01 5.000000000000000278e-02
6.401401401401400904e+00 9.097976957166287182e-01 5.000000000000000278e-02
6.408408408408408086e+00 9.314076047162139771e-01 5.000000000000000278e-02
6.415415415415415268e+00 9.475449927979091580e-01 5.000000000000000278e-02
6.422422422422422450e+00 9.204576609646879515e-01 5.000000000000000278e-02
6.429429429429429632e+00 9.745588903914615964e-01 5.000000000000000278e-02
6.436436436436435926e+00 8.991733320549356590e-01 5.000000000000000278e-02
6.443443443443443108e+00 8.019764843291526946e-01 5.000000000000000278e-02
6.450450450450450290e+00 9.449819055422274960e-01 5.000000000000000278e-02
6.457457457457457473e+00 9.164538034885478801e-01 5.000000000000000278e-02
6.464464464464464655e+00 8.320791584994233769e-01 5.000000000000000278e-02
6.471471471471470949e+00 9.389529998025425428e-01 5.000000000000000278e-02
6.478478478478479019e+00 9.151041600884018967e-01 5.000000000000000278e-02
6.485485485485485313e+00 9.448861376112707156e-01 5.000000000000000278e-02
6.492492492492492495e+00 9.638101055253748273e-01 5.000000000000000278e-02
6.499499499499499677e+00 9.235851289543854925e-01 5.000000000000000278e-02
6.506506506506505971e+00 1.010056610812944511e+00 5.000000000000000278e-02
6.513513513513514042e+00 8.727670423024507240e-01 5.000000000000000278e-02
6.520520520520520336e+00 9.934051246080115583e-01 5.000000000000000278e-02
6.527527527527527518e+00 9.256590834373027432e-01 5.000000000000000278e-02
6.534534534534534700e+00 1.041619496253146870e+00 5.000000000000000278e-02
6.541541541541540994e+00 9.100840465447018746e-01 5.000000000000000278e-02
6.548548548548549064e+00 8.602539907487959381e-01 5.000000000000000278e-02
6.555555555555555358e+00 9.375882522690225374e-01 5.000000000000000278e-02
6.562562562562562540e+00 9.599722949235526270e-01 5.000000000000000278e-02
6.569569569569569722e+00 9.625290982173442256e-01 5.000000000000000278e-02
6.576576576576576016e+00 9.856402106662285334e-01 5.000000000000000278e-02
6.583583583583584087e+00 8.821079127969744249e-01 5.000000000000000278e-02
6.590590590590590381e+00 1.007006996096009965e+00 5.000000000000000278e-02
6.597597597597597563e+00 1.072716169376251028e+00 5.000000000000000278e-02
6.604604604604604745e+00 1.017164328847426802e+00 5.000000000000000278e-02
6.611611611611611927e+00 9.889138820753851089e-01 5.000000000000000278e-02
6.618618618618619109e+00 9.599458952425452551e-01 5.000000000000000278e-02
6.625625625625625403e+00 8.931810054986109026e-01 5.000000000000000278e-02
6.632632632632632586e+00 9.381410679910975325e-01 5.000000000000000278e-02
6.639639639639639768e+00 1.000526309225786559e+00 5.000000000000000278e-02
6.646646646646646950e+00 9.644474489346777091e-01 5.000000000000000278e-02
6.653653653653654132e+00 8.957365095917524389e-01 5.000000000000000278e-02
6.660660660660660426e+00 9.539319025497416948e-01 5.000000000000000278e-02
6.667667667667667608e+00 9.394604295197869215e-01 5.000000000000000278e-02
6.674674674674674790e+00 9.434270301056862928e-01 5.000000000000000278e-02
6.681681681681681972e+00 9.380924999719841839e-01 5.000000000000000278e-02
6.688688688688689155e+00 9.996103170374842639e-01 5.000000000000000278e-02
6.695695695695695449e+00 1.092742003865054823e+00 5.000000000000000278e-02
6.702702702702702631e+00 8.677207110263126522e-01 5.000000000000000278e-02
6.709709709709709813e+00 9.829837589813866794e-01 5.000000000000000278e-02
6.716716716716716995e+00 1.071630041102196618e+00 5.000000000000000278e-02
6.723723723723724177e+00 9.881940743162097585e-01 5.000000000000000278e-02
6.730730730730730471e+00 9.623855264093752471e-01 5.000000000000000278e-02
6.737737737737737653e+00 9.716580841307196348e-01 5.000000000000000278e-02
6.744744744744744835e+00 1.042122188400541161e+00 5.000000000000000278e-02
6.751751751751752018e+00 9.671850488344588825e-01 5.000000000000000278e-02
6.758758758758759200e+00 9.796172570731408458e-01 5.000000000000000278e-02
6.765765765765765494e+00 9.383434930608417490e-01 5.000000000000000278e-02
6.772772772772772676e+00 1.011752404552169304e+00 5.000000000000000278e-02
6.779779779779779858e+00 9.760933208574561482e-01 5.000000000000000278e-02
6.786786786786787040e+00 1.005427873152388463e+00 5.000000000000000278e-02
6.793793793793794222e+00 9.539638362868541055e-01 5.000000000000000278e-02
6.800800800800800516e+00 1.028675795869996801e+00 5.000000000000000278e-02
6.807807807807807698e+00 9.468094448255774953e-01 5.000000000000000278e-02
6.814814814814814881e+00 9.934975410204863744e-01 5.000000000000000278e-02
6.821821821821822063e+00 9.922921039608850746e-01 5.000000000000000278e-02
6.828828828828829245e+00 1.016125164134554559e+00 5.000000000000000278e-02
6.835835835835835539e+00 1.072997277884271572e+00 5.000000000000000278e-02
6.842842842842842721e+00 1.053088417289312906e+00 5.000000000000000278e-02
6.849849849849849903e+00 1.067102463781317123e+00 5.000000000000000278e-02
6.856856856856857085e+00 1.041196516885842804e+00 5.000000000000000278e-02
6.863863863863864268e+00 1.044828179641223986e+00 5.000000000000000278e-02
6.870870870870870561e+00 1.046641551337794018e+00 5.000000000000000278e-02
6.877877877877877744e+00 1.091432286941392382e+00 5.000000000000000278e-02
6.884884884884884926e+00 1.042612704865992113e+00 5.000000000000000278e-02
6.891891891891892108e+00 1.053896299706194473e+00 5.000000000000000278e-02
6.898898898898899290e+00 1.029740825817079264e+00 5.000000000000000278e-02
6.905905905905905584e+00 1.094401992153571479e+00 5.000000000000000278e-02
6.912912912912912766e+00 1.089660527044728378e+00 5.000000000000000278e-02
6.919919919919919948e+00 9.604765096799601221e-01 5.000000000000000278e-02
6.926926926926927131e+00 1.003944298707526883e+00 5.000000000000000278e-02
6.933933933933934313e+00 8.948728165315638083e-01 5.000000000000000278e-02
6.940940940940940607e+00 1.017830986585187336e+00 5.000000000000000278e-02
6.947947947947947789e+00 9.611084440433367293e-01 5.000000000000000278e-02
6.954954954954954971e+00 1.036772653866789851e+00 5.000000000000000278e-02
6.961961961961962153e+00 9.869745801401540453e-01 5.000000000000000278e-02
6.968968968968969335e+00 1.041467880990334605e+00 5.000000000000000278e-02
6.975975975975975629e+00 1.001711907783889854e+00 5.000000000000000278e-02
6.982982982982982811e+00 1.011286128750756852e+00 5.000000000000000278e-02
6.989989989989989994e+00 1.104620939181808481e+00 5.000000000000000278e-02
6.996996996996997176e+00 1.063614483834942170e+00 5.000000000000000278e-02
7.004004004004004358e+00 1.016755872624020896e+00 5.000000000000000278e-02
7.011011011011010652e+00 1.023221387277877037e+00 5.000000000000000278e-02
7.018018018018017834e+00 1.021398644900596508e+00 5.000000000000000278e-02
7.025025025025025016e+00 9.176830145481100764e-01 5.000000000000000278e-02
7.032032032032032198e+00 1.116906498376649237e+00 5.000000000000000278e-02
7.039039039039039380e+00 1.112419055884878771e+00 5.000000000000000278e-02
7.046046046046045674e+00 9.295461469974660718e-01 5.000000000000000278e-02
7.053053053053052857e+00 9.677769051442648429e-01 5.000000000000000278e-02
7.060060060060060039e+00 1.036007080851286233e+00 5.000000000000000278e-02
7.067067067067067221e+00 1.001438538922730048e+00 5.000000000000000278e-02
7.074074074074074403e+00 1.003866965170526537e+00 5.000000000000000278e-02
7.081081081081080697e+00 1.128076043384774518e+00 5.000000000000000278e-02
7.088088088088087879e+00 1.050875253984757229e+00 5.000000000000000278e-02
7.095095095095095061e+00 1.018978084072664103e+00 5.000000000000000278e-02
7.102102102102102243e+00 1.008028094846456613e+00 5.000000000000000278e-02
7.109109109109109426e+00 1.059404499838964009e+00 5.000000000000000278e-02
7.116116116116115720e+00 1.050931706086311257e+00 5.000000000000000278e-02
7.123123123123122902e+00 1.041118197784898003e+00 5.000000000000000278e-02
7.130130130130130084e+00 1.028557227734305135e+00 5.000000000000000278e-02
7.137137137137137266e+00 9.722401500451438583e-01 5.000000000000000278e-02
7.144144144144144448e+00 1.120734425940003165e+00 5.000000000000000278e-02
7.151151151151150742e+00 1.070627331620251921e+00 5.000000000000000278e-02
7.158158158158157924e+00 1.037797086881284025e+00 5.000000000000000278e-02
7.165165165165165106e+00 1.018794297339663535e+00 5.000000000000000278e-02
7.172172172172172289e+00 1.056664611408368648e+00 5.000000000000000278e-02
7.179179179179179471e+00 1.071238425940417294e+00 5.000000000000000278e-02
7.186186186186185765e+00 1.127275688878837334e+00 5.000000000000000278e-02
7.193193193193193835e+00 1.016257148672822463e+00 5.000000000000000278e-02
7.200200200200200129e+00 9.685330821608630902e-01 5.000000000000000278e-02
7.207207207207207311e+00 1.018350468926111585e+00 5.000000000000000278e-02
7.214214214214214493e+00 1.130001375661095375e+00 5.000000000000000278e-02
7.221221221221220787e+00 1.020238994902226581e+00 5.000000000000000278e-02
7.228228228228228858e+00 1.119226157627903895e+00 5.000000000000000278e-02
7.235235235235235152e+00 1.003163490824961590e+00 5.000000000000000278e-02
7.242242242242242334e+00 1.094875090644786386e+00 5.000000000000000278e-02
7.249249249249249516e+00 1.068328405356759658e+00 5.000000000000000278e-02
7.256256256256255810e+00 1.174406305523984839e+00 5.000000000000000278e-02
7.263263263263263880e+00 1.088199401974010216e+00 5.000000000000000278e-02
7.270270270270270174e+00 9.631429283701038457e-01 5.000000000000000278e-02
7.277277277277277356e+00 1.046996877633136203e+00 5.000000000000000278e-02
7.284284284284284539e+00 9.493090154274183012e-01 5.000000000000000278e-02
7.291291291291290833e+00 1.068424152867776478e+00 5.000000000000000278e-02
7.298298298298298903e+00 1.026740916083589417e+00 5.000000000000000278e-02
7.305305305305305197e+00 1.039728001664186552e+00 5.000000000000000278e-02
7.312312312312312379e+00 1.013456177383053491e+00 5.000000000000000278e-02
7.319319319319319561e+00 1.005988859409941538e+00 5.000000000000000278e-02
7.326326326326325855e+00 1.029970708951741809e+00 5.000000000000000278e-02
7.333333333333333925e+00 1.023744611138222460e+00 5.000000000000000278e-02
7.340340340340340219e+00 1.069533269591015134e+00 5.000000000000000278e-02
7.347347347347347402e+00 1.030046464280087282e+00 5.000000000000000278e-02
7.354354354354354584e+00 1.050003335900393520e+00 5.000000000000000278e-02
7.361361361361360878e+00 1.009681057742443988e+00 5.000000000000000278e-02
7.368368368368368948e+00 1.054491970263709222e+00 5.000000000000000278e-02
7.375375375375375242e+00 1.094960012982318931e+00 5.000000000000000278e-02
7.382382382382382424e+00 1.065962469751249753e+00 5.000000000000000278e-02
7.389389389389389606e+00 1.026112334210228960e+00 5.000000000000000278e-02
7.396396396396395900e+00 9.721293172478253641e-01 5.000000000000000278e-02
7.403403403403403971e+00 1.039043392482692285e+00 5.000000000000000278e-02
7.410410410410410265e+00 1.069219642300554662e+00 5.000000000000000278e-02
7.417417417417417447e+00 1.024756378617073471e+00 5.000000000000000278e-02
7.424424424424424629e+00 1.118763075491790104e+00 5.000000000000000278e-02
7.431431431431430923e+00 1.068247786421597789e+00 5.000000000000000278e-02
7.438438438438438993e+00 1.086137363800827593e+00 5.000000000000000278e-02
7.445445445445445287e+00 1.097427168880158010e+00 5.000000000000000278e-02
7.452452452452452469e+00 1.062614465444444711e+00 5.000000000000000278e-02
7.459459459459459651e+00 1.020668207172160225e+00 5.000000000000000278e-02
7.466466466466465945e+00 1.081707623089006587e+00 5.000000000000000278e-02
7.473473473473474016e+00 1.045671917287765762e+00 5.000000000000000278e-02
7.480480480480480310e+00 9.679448215134038858e-01 5.000000000000000278e-02
7.487487487487487492e+00 1.079997370519675037e+00 5.000000000000000278e-02
7.494494494494494674e+00 1.131964344393027178e+00 5.000000000000000278e-02
7.501501501501500968e+00 1.083505437607614530e+00 5.000000000000000278e-02
7.508508508508509038e+00 1.065627689168578085e+00 5.000000000000000278e-02
7.515515515515515332e+00 1.095671716338619373e+00 5.000000000000000278e-02
7.522522522522522515e+00 1.050077111547137010e+00 5.000000000000000278e-02
7.529529529529529697e+00 1.058073839888617140e+00 5.000000000000000278e-02
7.536536536536535991e+00 1.131228559782496923e+00 5.000000000000000278e-02
7.543543543543544061e+00 1.101002409344997712e+00 5.000000000000000278e-02
7.550550550550550355e+00 1.077391549704143525e+00 5.000000000000000278e-02
7.557557557557557537e+00 1.079308755483847415e+00 5.000000000000000278e-02
7.564564564564564719e+00 1.034279621561542184e+00 5.000000000000000278e-02
7.571571571571571013e+00 1.032216474883233204e+00 5.000000000000000278e-02
7.578578578578579084e+00 1.033272048813647981e+00 5.000000000000000278e-02
7.585585585585585378e+00 1.067034265127822623e+00 5.000000000000000278e-02
7.592592592592592560e+00 1.115056869378383109e+00 5.000000000000000278e-02
7.599599599599599742e+00 1.068179047328624121e+00 5.000000000000000278e-02
7.606606606606606036e+00 1.085650287245246481e+00 5.000000000000000278e-02
7.613613613613614106e+00 1.141910241383406133e+00 5.000000000000000278e-02
7.620620620620620400e+00 1.108581732371541673e+00 5.000000000000000278e-02
7.627627627627627582e+00 1.124203709813807350e+00 5.000000000000000278e-02
7.634634634634634764e+00 1.186843438683804708e+00 5.000000000000000278e-02
7.641641641641641058e+00 1.042694677225567856e+00 5.000000000000000278e-02
7.648648648648649129e+00 1.074889157056658107e+00 5.000000000000000278e-02
7.655655655655655423e+00 1.037976703363961306e+00 5.000000000000000278e-02
7.662662662662662605e+00 1.119227536061330408e+00 5.000000000000000278e-02
7.669669669669669787e+00 9.950856783162217445e-01 5.000000000000000278e-02
7.676676676676676081e+00 1.056152757059001690e+00 5.000000000000000278e-02
7.683683683683684151e+00 9.848959995173700577e-01 5.000000000000000278e-02
7.690690690690690445e+00 1.114896982639948630e+00 5.000000000000000278e-02
7.697697697697697627e+00 1.027950806353949975e+00 5.000000000000000278e-02
7.704704704704704810e+00 1.055305214788768264e+00 5.000000000000000278e-02
7.711711711711711104e+00 1.052818531220823361e+00 5.000000000000000278e-02
7.718718718718719174e+00 1.016174586782634170e+00 5.000000000000000278e-02
7.725725725725725468e+00 1.009946398750671159e+00 5.000000000000000278e-02
7.732732732732732650e+00 1.004508178589982981e+00 5.000000000000000278e-02
7.739739739739739832e+00 9.414157939332588043e-01 5.000000000000000278e-02
7.746746746746746126e+00 1.034590919051203040e+00 5.000000000000000278e-02
7.753753753753754197e+00 1.143157796131451853e+00 5.000000000000000278e-02
7.760760760760760490e+00 1.064706971593130325e+00 5.000000000000000278e-02
7.767767767767767673e+00 1.034251304125309856e+00 5.000000000000000278e-02
7.774774774774774855e+00 1.005702374188016446e+00 5.000000000000000278e-02
7.781781781781781149e+00 1.073851906574011528e+00 5.000000000000000278e-02
7.788788788788789219e+00 1.042070856122295774e+00 5.000000000000000278e-02
7.795795795795795513e+00 9.890140748815446914e-01 5.000000000000000278e-02
7.802802802802802695e+00 1.071707760753422001e+00 5.000000000000000278e-02
7.809809809809809877e+00 1.006476488080680243e+00 5.000000000000000278e-02
7.816816816816816171e+00 1.101248696714218100e+00 5.000000000000000278e-02
7.823823823823824242e+00 1.016412419162819214e+00 5.000000000000000278e-02
7.830830830830830536e+00 1.026588311236298567e+00 5.000000000000000278e-02
7.837837837837837718e+00 1.025541350410579922e+00 5.000000000000000278e-02
7.844844844844844900e+00 9.604322018234314751e-01 5.000000000000000278e-02
7.851851851851851194e+00 1.056270441048238418e+00 5.000000000000000278e-02
7.858858858858859264e+00 9.899161680727269763e-01 5.000000000000000278e-02
7.865865865865865558e+00 9.690806101030778885e-01 5.000000000000000278e-02
7.872872872872872740e+00 1.052798973895886947e+00 5.000000000000000278e-02
7.879879879879879923e+00 1.111539534735216828e+00 5.000000000000000278e-02
7.886886886886886217e+00 9.870788159358083735e-01 5.000000000000000278e-02
7.893893893893894287e+00 1.066277209882170007e+00 5.000000000000000278e-02
7.900900900900900581e+00 1.127000822895741550e+00 5.000000000000000278e-02
7.907907907907907763e+00 1.100046325420565463e+00 5.000000000000000278e-02
7.914914914914914945e+00 1.167313292033569372e+00 5.000000000000000278e-02
7.921921921921921239e+00 1.039409473486073043e+00 5.000000000000000278e-02
7.928928928928929309e+00 1.088380476260343732e+00 5.000000000000000278e-02
7.935935935935935603e+00 1.044071530340402232e+00 5.000000000000000278e-02
7.942942942942942786e+00 1.071341753711695155e+00 5.000000000000000278e-02
7.949949949949949968e+00 1.058475133974988491e+00 5.000000000000000278e-02
7.956956956956957150e+00 1.090088804293898761e+00 5.000000000000000278e-02
7.963963963963964332e+00 1.056677442419385882e+00 5.000000000000000278e-02
7.970970970970970626e+00 1.034489123773532304e+00 5.000000000000000278e-02
7.977977977977977808e+00 1.000625717129677072e+00 5.000000000000000278e-02
7.984984984984984990e+00 9.811885291264585973e-01 5.000000000000000278e-02
7.991991991991992172e+00 1.062071132081711999e+00 5.000000000000000278e-02
7.998998998998999355e+00 1.093368672262104546e+00 5.000000000000000278e-02
8.006006006006005649e+00 1.087665627221877429e+00 5.000000000000000278e-02
8.013013013013011943e+00 1.083910083483925924e+00 5.000000000000000278e-02
8.020020020020020013e+00 1.083317732532175448e+00 5.000000000000000278e-02
8.027027027027028083e+00 1.056761324147802883e+00 5.000000000000000278e-02
8.034034034034034377e+00 1.124809821820953681e+00 5.000000000000000278e-02
8.041041041041040671e+00 1.099608110092161306e+00 5.000000000000000278e-02
8.048048048048048742e+00 1.057262556946140686e+00 5.000000000000000278e-02
8.055055055055055035e+00 1.083275802923805431e+00 5.000000000000000278e-02
8.062062062062061329e+00 1.093485139603249445e+00 5.000000000000000278e-02
8.069069069069069400e+00 1.017953722629825419e+00 5.000000000000000278e-02
8.076076076076075694e+00 1.071229297079287379e+00 5.000000000000000278e-02
8.083083083083081988e+00 1.039789815960732833e+00 5.000000000000000278e-02
8.090090090090090058e+00 9.458715520744463978e-01 5.000000000000000278e-02
8.097097097097098128e+00 1.112247359121669943e+00 5.000000000000000278e-02
8.104104104104104422e+00 1.114414510443899831e+00 5.000000000000000278e-02
8.111111111111110716e+00 1.046630587586763639e+00 5.000000000000000278e-02
8.118118118118118787e+00 1.049702065553820063e+00 5.000000000000000278e-02
8.125125125125125081e+00 1.073516441788751496e+00 5.000000000000000278e-02
8.132132132132131375e+00 1.098976089462004646e+00 5.000000000000000278e-02
8.139139139139139445e+00 1.241887905948731996e+00 5.000000000000000278e-02
8.146146146146145739e+00 1.142951926485866299e+00 5.000000000000000278e-02
8.153153153153152033e+00 1.134568419723730015e+00 5.000000000000000278e-02
8.160160160160160103e+00 1.124972335102865317e+00 5.000000000000000278e-02
8.167167167167168174e+00 1.040108090947968522e+00 5.000000000000000278e-02
8.174174174174174468e+00 9.975438751190157660e-01 5.000000000000000278e-02
8.181181181181180762e+00 1.104377974469358037e+00 5.000000000000000278e-02
8.188188188188188832e+00 9.929453415630348223e-01 5.000000000000000278e-02
8.195195195195195126e+00 9.969467881815251564e-01 5.000000000000000278e-02
8.202202202202201420e+00 1.071930792879910888e+00 5.000000000000000278e-02
8.209209209209209490e+00 9.789209652398787043e-01 5.000000000000000278e-02
8.216216216216215784e+00 1.072206394080667646e+00 5.000000000000000278e-02
8.223223223223223854e+00 1.064122727310135019e+00 5.000000000000000278e-02
8.230230230230230148e+00 1.147788964500616071e+00 5.000000000000000278e-02
8.237237237237238219e+00 1.036021046988188976e+00 5.000000000000000278e-02
8.244244244244244513e+00 1.087098315582618824e+00 5.000000000000000278e-02
8.251251251251250807e+00 1.127258505755279749e+00 5.000000000000000278e-02
8.258258258258258877e+00 1.055645962052348175e+00 5.000000000000000278e-02
8.265265265265265171e+00 1.177676002275871658e+00 5.000000000000000278e-02
8.272272272272271465e+00 1.129977183812064911e+00 5.000000000000000278e-02
8.279279279279279535e+00 1.099620921087674841e+00 5.000000000000000278e-02
8.286286286286285829e+00 9.874763368040802014e-01 5.000000000000000278e-02
8.293293293293293900e+00 9.849101706715281956e-01 5.000000000000000278e-02
8.300300300300300194e+00 1.106084409943723701e+00 5.000000000000000278e-02
8.307307307307308264e+00 1.101826500470031389e+00 5.000000000000000278e-02
8.314314314314314558e+00 1.036110488017227604e+00 5.000000000000000278e-02
8.321321321321320852e+00 1.093183812237482844e+00 5.000000000000000278e-02
8.328328328328328922e+00 9.590817444157593297e-01 5.000000000000000278e-02
8.335335335335335216e+00 1.051534073852346873e+00 5.000000000000000278e-02
8.342342342342341510e+00 9.759346332017276859e-01 5.000000000000000278e-02
8.349349349349349581e+00 1.086854541359209447e+00 5.000000000000000278e-02
8.356356356356355874e+00 1.070606942333272471e+00 5.000000000000000278e-02
8.363363363363363945e+00 1.030740236219674921e+00 5.000000000000000278e-02
8.370370370370370239e+00 1.024666761479323007e+00 5.000000000000000278e-02
8.377377377377378309e+00 1.128078200081753080e+00 5.000000000000000278e-02
8.384384384384384603e+00 9.748212476642083013e-01 5.000000000000000278e-02
8.391391391391390897e+00 1.175040704036643291e+00 5.000000000000000278e-02
8.398398398398398967e+00 1.049746363639350699e+00 5.000000000000000278e-02
8.405405405405405261e+00 1.121564545004785973e+00 5.000000000000000278e-02
8.412412412412411555e+00 1.085356467286514581e+00 5.000000000000000278e-02
8.419419419419419626e+00 1.083743441124430884e+00 5.000000000000000278e-02
8.426426426426425920e+00 1.037768701826993434e+00 5.000000000000000278e-02
8.433433433433433990e+00 1.108160823467204459e+00 5.000000000000000278e-02
8.440440440440440284e+00 1.021220781693169322e+00 5.000000000000000278e-02
8.447447447447448354e+00 1.074216281662369266e+00 5.000000000000000278e-02
8.454454454454454648e+00 1.112524114097071859e+00 5.000000000000000278e-02
8.461461461461460942e+00 1.038638352978473511e+00 5.000000000000000278e-02
8.468468468468469013e+00 1.043852750277297181e+00 5.000000000000000278e-02
8.475475475475475307e+00 1.047604702161404777e+00 5.000000000000000278e-02
8.482482482482481601e+00 1.054432849975857733e+00 5.000000000000000278e-02
8.489489489489489671e+00 1.115325841519838601e+00 5.000000000000000278e-02
8.496496496496495965e+00 1.167724083381312283e+00 5.000000000000000278e-02
8.503503503503504035e+00 1.105097406593752440e+00 5.000000000000000278e-02
8.510510510510510329e+00 1.129038090739255207e+00 5.000000000000000278e-02
8.517517517517518399e+00 1.076946042467479936e+00 5.000000000000000278e-02
8.524524524524524693e+00 1.166306161407831832e+00 5.000000000000000278e-02
8.531531531531530987e+00 1.013187453983105613e+00 5.000000000000000278e-02
8.538538538538539058e+00 1.008520867780845265e+00 5.000000000000000278e-02
8.545545545545545352e+00 1.045530607295573011e+00 5.000000000000000278e-02
8.552552552552551646e+00 1.116220902248638680e+00 5.000000000000000278e-02
8.559559559559559716e+00 1.066722474739934423e+00 5.000000000000000278e-02
8.566566566566566010e+00 1.103285203164154904e+00 5.000000000000000278e-02
8.573573573573574080e+00 1.069820893304150644e+00 5.000000000000000278e-02
8.580580580580580374e+00 1.069293906969822849e+00 5.000000000000000278e-02
8.587587587587588445e+00 1.000723015169599606e+00 5.000000000000000278e-02
8.594594594594594739e+00 9.701579309392340811e-01 5.000000000000000278e-02
8.601601601601601033e+00 1.093249724339029783e+00 5.000000000000000278e-02
8.608608608608609103e+00 1.101418465007294012e+00 5.000000000000000278e-02
8.615615615615615397e+00 1.094982850776315519e+00 5.000000000000000278e-02
8.622622622622621691e+00 1.048091549468531669e+00 5.000000000000000278e-02
8.629629629629629761e+00 1.065326822081641867e+00 5.000000000000000278e-02
8.636636636636636055e+00 1.049683452129538397e+00 5.000000000000000278e-02
8.643643643643644126e+00 1.162812613195869371e+00 5.000000000000000278e-02
8.650650650650650419e+00 1.078731434447617765e+00 5.000000000000000278e-02
8.657657657657658490e+00 1.014650513344957927e+00 5.000000000000000278e-02
8.664664664664664784e+00 9.936441570633095521e-01 5.000000000000000278e-02
8.671671671671671078e+00 1.077283566597559084e+00 5.000000000000000278e-02
8.678678678678679148e+00 1.029881609169952972e+00 5.000000000000000278e-02
8.685685685685685442e+00 1.035171371902518178e+00 5.000000000000000278e-02
8.692692692692691736e+00 1.038184111066739135e+00 5.000000000000000278e-02
8.699699699699699806e+00 1.107191063142452636e+00 5.000000000000000278e-02
8.706706706706706100e+00 9.859125953505153417e-01 5.000000000000000278e-02
8.713713713713714171e+00 1.025985096086673209e+00 5.000000000000000278e-02
8.720720720720720465e+00 1.059087405813590843e+00 5.000000000000000278e-02
8.727727727727728535e+00 1.078818548218431150e+00 5.000000000000000278e-02
8.734734734734734829e+00 9.617762602489431378e-01 5.000000000000000278e-02
8.741741741741741123e+00 1.039687759063979255e+00 5.000000000000000278e-02
8.748748748748749193e+00 1.003108388811806195e+00 5.000000000000000278e-02
8.755755755755755487e+00 1.044289062703887438e+00 5.000000000000000278e-02
8.762762762762761781e+00 1.047510299204016171e+00 5.000000000000000278e-02
8.769769769769769852e+00 1.041546587865873175e+00 5.000000000000000278e-02
8.776776776776776146e+00 1.017180606675879728e+00 5.000000000000000278e-02
8.783783783783784216e+00 1.000503093796297094e+00 5.000000000000000278e-02
8.790790790790790510e+00 9.748884897690440754e-01 5.000000000000000278e-02
8.797797797797798580e+00 1.009372402480462450e+00 5.000000000000000278e-02
8.804804804804804874e+00 1.018968026211757305e+00 5.000000000000000278e-02
8.811811811811811168e+00 1.005272814503940015e+00 5.000000000000000278e-02
8.818818818818819238e+00 9.153237178453879075e-01 5.000000000000000278e-02
8.825825825825825532e+00 1.019492741433864369e+00 5.000000000000000278e-02
8.832832832832831826e+00 1.090042179839543435e+00 5.000000000000000278e-02
8.839839839839839897e+00 1.048836978432378997e+00 5.000000000000000278e-02
8.846846846846846191e+00 1.049282193313597400e+00 5.000000000000000278e-02
8.853853853853854261e+00 1.003641922371107498e+00 5.000000000000000278e-02
8.860860860860860555e+00 9.906219527607246222e-01 5.000000000000000278e-02
8.867867867867868625e+00 1.043146434650718213e+00 5.000000000000000278e-02
8.874874874874874919e+00 1.007248964125094570e+00 5.000000000000000278e-02
8.881881881881881213e+00 1.105382252467959070e+00 5.000000000000000278e-02
8.888888888888889284e+00 1.035165272467738706e+00 5.000000000000000278e-02
8.895895895895895578e+00 9.405540432642263138e-01 5.000000000000000278e-02
8.902902902902901872e+00 1.096001503512876729e+00 5.000000000000000278e-02
8.909909909909909942e+00 1.050173030821526243e+00 5.000000000000000278e-02
8.916916916916916236e+00 1.033543709241341757e+00 5.000000000000000278e-02
8.923923923923924306e+00 9.962460872136783552e-01 5.000000000000000278e-02
8.930930930930930600e+00 1.064785084301475226e+00 5.000000000000000278e-02
8.937937937937938671e+00 1.064491607212773028e+00 5.000000000000000278e-02
8.944944944944944965e+00 1.037376969675908311e+00 5.000000000000000278e-02
8.951951951951951258e+00 1.057098421204234695e+00 5.000000000000000278e-02
8.958958958958959329e+00 1.025313962245115729e+00 5.000000000000000278e-02
8.965965965965965623e+00 1.023683309816209697e+00 5.000000000000000278e-02
8.972972972972971917e+00 1.048844709798619323e+00 5.000000000000000278e-02
8.979979979979979987e+00 1.094763269867095712e+00 5.000000000000000278e-02
8.986986986986988057e+00 9.994746371283437236e-01 5.000000000000000278e-02
8.993993993993994351e+00 9.639373038562488727e-01 5.000000000000000278e-02
9.001001001001000645e+00 1.023473173178797602e+00 5.000000000000000278e-02
9.008008008008008716e+00 1.092133845622188959e+00 5.000000000000000278e-02
9.015015015015015010e+00 1.039892929546406997e+00 5.000000000000000278e-02
9.022022022022021304e+00 1.027659766165982091e+00 5.000000000000000278e-02
9.029029029029029374e+00 1.050701517508568994e+00 5.000000000000000278e-02
9.036036036036035668e+00 9.335694889979782030e-01 5.000000000000000278e-02
9.043043043043041962e+00 1.002547632934611910e+00 5.000000000000000278e-02
9.050050050050050032e+00 1.017495824341829058e+00 5.000000000000000278e-02
9.057057057057058103e+00 1.156564524824533091e+00 5.000000000000000278e-02
9.064064064064064397e+00 1.060331082777607570e+00 5.000000000000000278e-02
9.071071071071070691e+00 1.013299450155463965e+00 5.000000000000000278e-02
9.078078078078078761e+00 1.044286489183348099e+00 5.000000000000000278e-02
9.085085085085085055e+00 1.113540362184023635e+00 5.000000000000000278e-02
9.092092092092091349e+00 1.060892709934283307e+00 5.000000000000000278e-02
9.099099099099099419e+00 1.041437678563822189e+00 5.000000000000000278e-02
9.106106106106105713e+00 1.004553985913396286e+00 5.000000000000000278e-02
9.113113113113112007e+00 9.565509342695716066e-01 5.000000000000000278e-02
9.120120120120120077e+00 9.769004562091438970e-01 5.000000000000000278e-02
9.127127127127128148e+00 9.886362694498629367e-01 5.000000000000000278e-02
9.134134134134134442e+00 9.338844170976995374e-01 5.000000000000000278e-02
9.141141141141140736e+00 1.077077318027130026e+00 5.000000000000000278e-02
9.148148148148148806e+00 1.015785263658122162e+00 5.000000000000000278e-02
9.155155155155155100e+00 9.836022540685553928e-01 5.000000000000000278e-02
9.162162162162161394e+00 1.056097898681662040e+00 5.000000000000000278e-02
9.169169169169169464e+00 9.495138699396125093e-01 5.000000000000000278e-02
9.176176176176175758e+00 1.051171296574559877e+00 5.000000000000000278e-02
9.183183183183182052e+00 1.023487552338714579e+00 5.000000000000000278e-02
9.190190190190190123e+00 1.044932157633593039e+00 5.000000000000000278e-02
9.197197197197198193e+00 9.453197715205221563e-01 5.000000000000000278e-02
9.204204204204204487e+00 9.512218099488800593e-01 5.000000000000000278e-02
9.211211211211210781e+00 9.281733901357461791e-01 5.000000000000000278e-02
9.218218218218218851e+00 9.360793481659765991e-01 5.000000000000000278e-02
9.225225225225225145e+00 1.082741104359792095e+00 5.000000000000000278e-02
9.232232232232231439e+00 9.592646616961889583e-01 5.000000000000000278e-02
9.239239239239239510e+00 1.032757012918483541e+00 5.000000000000000278e-02
9.246246246246245803e+00 9.276801257934301770e-01 5.000000000000000278e-02
9.253253253253252097e+00 1.084479001012574217e+00 5.000000000000000278e-02
9.260260260260260168e+00 9.805854626206140789e-01 5.000000000000000278e-02
9.267267267267268238e+00 1.013161450556701038e+00 5.000000000000000278e-02
9.274274274274274532e+00 1.087638005197174129e+00 5.000000000000000278e-02
9.281281281281280826e+00 9.467788014703077959e-01 5.000000000000000278e-02
9.288288288288288896e+00 1.043137823441969037e+00 5.000000000000000278e-02
9.295295295295295190e+00 1.020922978215917487e+00 5.000000000000000278e-02
9.302302302302301484e+00 8.725540623863468070e-01 5.000000000000000278e-02
9.309309309309309555e+00 9.770217270566325940e-01 5.000000000000000278e-02
9.316316316316315849e+00 9.650088430275495233e-01 5.000000000000000278e-02
9.323323323323322143e+00 9.181930656130186108e-01 5.000000000000000278e-02
9.330330330330330213e+00 1.075065630416151219e+00 5.000000000000000278e-02
9.337337337337338283e+00 9.649344170805193022e-01 5.000000000000000278e-02
9.344344344344344577e+00 9.592349980727599146e-01 5.000000000000000278e-02
9.351351351351350871e+00 1.036275409473643272e+00 5.000000000000000278e-02
9.358358358358358942e+00 9.593273750989937954e-01 5.000000000000000278e-02
9.365365365365365236e+00 9.364350474817912939e-01 5.000000000000000278e-02
9.372372372372371530e+00 1.025264169891609400e+00 5.000000000000000278e-02
9.379379379379379600e+00 9.420509494490260094e-01 5.000000000000000278e-02
9.386386386386387670e+00 1.012277849231304705e+00 5.000000000000000278e-02
9.393393393393392188e+00 9.585539101334210610e-01 5.000000000000000278e-02
9.400400400400400258e+00 9.723263077446480107e-01 5.000000000000000278e-02
9.407407407407408328e+00 9.926919840523587002e-01 5.000000000000000278e-02
9.414414414414414622e+00 9.378933040404017207e-01 5.000000000000000278e-02
9.421421421421420916e+00 9.942545156859333710e-01 5.000000000000000278e-02
9.428428428428428987e+00 9.211204608403459337e-01 5.000000000000000278e-02
9.435435435435435281e+00 1.018963306755550136e+00 5.000000000000000278e-02
9.442442442442441575e+00 9.531274865443640776e-01 5.000000000000000278e-02
9.449449449449449645e+00 9.295359196680557101e-01 5.000000000000000278e-02
9.456456456456457715e+00 1.011676980011940508e+00 5.000000000000000278e-02
9.463463463463462233e+00 9.237754287463624259e-01 5.000000000000000278e-02
9.470470470470470303e+00 9.451843181667115568e-01 5.000000000000000278e-02
9.477477477477478374e+00 9.212743843486519424e-01 5.000000000000000278e-02
9.484484484484484668e+00 9.497089238616078788e-01 5.000000000000000278e-02
9.491491491491490962e+00 9.373246553187312147e-01 5.000000000000000278e-02
9.498498498498499032e+00 8.524286556619532496e-01 5.000000000000000278e-02
9.505505505505505326e+00 8.727934389933893478e-01 5.000000000000000278e-02
9.512512512512511620e+00 8.458411195194789345e-01 5.000000000000000278e-02
9.519519519519519690e+00 8.899838486081266264e-01 5.000000000000000278e-02
9.526526526526527761e+00 8.653441158463552885e-01 5.000000000000000278e-02
9.533533533533532278e+00 8.627647892284125986e-01 5.000000000000000278e-02
9.540540540540540349e+00 9.106493163702841231e-01 5.000000000000000278e-02
9.547547547547548419e+00 8.265605054406758301e-01 5.000000000000000278e-02
9.554554554554554713e+00 8.977664311528283925e-01 5.000000000000000278e-02
9.561561561561561007e+00 8.693032085120060426e-01 5.000000000000000278e-02
9.568568568568569077e+00 8.951322854518539707e-01 5.000000000000000278e-02
9.575575575575575371e+00 9.348824124308634520e-01 5.000000000000000278e-02
9.582582582582581665e+00 9.781525577402078175e-01 5.000000000000000278e-02
9.589589589589589735e+00 9.772925394600787685e-01 5.000000000000000278e-02
9.596596596596597806e+00 8.682462989954408128e-01 5.000000000000000278e-02
9.603603603603602323e+00 8.959435762153632465e-01 5.000000000000000278e-02
9.610610610610610394e+00 8.636572204708835576e-01 5.000000000000000278e-02
9.617617617617618464e+00 8.720443994966160517e-01 5.000000000000000278e-02
9.624624624624624758e+00 8.764356012842023924e-01 5.000000000000000278e-02
9.631631631631631052e+00 9.365682402837531839e-01 5.000000000000000278e-02
9.638638638638639122e+00 9.800519227032585823e-01 5.000000000000000278e-02
9.645645645645645416e+00 1.014445723364590046e+00 5.000000000000000278e-02
9.652652652652651710e+00 9.193341888452193356e-01 5.000000000000000278e-02
9.659659659659659781e+00 9.565317129026125187e-01 5.000000000000000278e-02
9.666666666666667851e+00 8.317076887483006997e-01 5.000000000000000278e-02
9.673673673673672369e+00 8.855800934726295592e-01 5.000000000000000278e-02
9.680680680680680439e+00 8.880147073914902434e-01 5.000000000000000278e-02
9.687687687687688509e+00 9.519046177188690283e-01 5.000000000000000278e-02
9.694694694694694803e+00 9.580575307178875732e-01 5.000000000000000278e-02
9.701701701701701097e+00 8.638899197739274838e-01 5.000000000000000278e-02
9.708708708708709167e+00 9.118596111889030187e-01 5.000000000000000278e-02
9.715715715715715461e+00 8.661611590059055121e-01 5.000000000000000278e-02
9.722722722722721755e+00 8.923445600960594470e-01 5.000000000000000278e-02
9.729729729729729826e+00 7.683253281410626911e-01 5.000000000000000278e-02
9.736736736736737896e+00 8.378554966331613896e-01 5.000000000000000278e-02
9.743743743743742414e+00 8.455268914320475115e-01 5.000000000000000278e-02
9.750750750750750484e+00 9.040704156929764146e-01 5.000000000000000278e-02
9.757757757757758554e+00 8.544215138496146222e-01 5.000000000000000278e-02
9.764764764764764848e+00 8.893559220087801087e-01 5.000000000000000278e-02
9.771771771771771142e+00 8.239395217221888723e-01 5.000000000000000278e-02
9.778778778778779213e+00 8.517621444369083417e-01 5.000000000000000278e-02
9.785785785785785507e+00 9.150415800715970827e-01 5.000000000000000278e-02
9.792792792792791801e+00 9.021557255431859046e-01 5.000000000000000278e-02
9.799799799799799871e+00 7.413224679852741250e-01 5.000000000000000278e-02
9.806806806806807941e+00 9.298200334871880024e-01 5.000000000000000278e-02
9.813813813813812459e+00 8.748080149975658859e-01 5.000000000000000278e-02
9.820820820820820529e+00 9.573748700471492734e-01 5.000000000000000278e-02
9.827827827827828600e+00 9.456647361987665645e-01 5.000000000000000278e-02
9.834834834834834894e+00 8.413070951151230270e-01 5.000000000000000278e-02
9.841841841841841187e+00 8.452220179180424120e-01 5.000000000000000278e-02
9.848848848848849258e+00 8.060047654057960198e-01 5.000000000000000278e-02
9.855855855855855552e+00 8.288775629316506022e-01 5.000000000000000278e-02
9.862862862862861846e+00 8.055284180148361006e-01 5.000000000000000278e-02
9.869869869869869916e+00 7.843952544648564729e-01 5.000000000000000278e-02
9.876876876876877986e+00 8.952339258697302737e-01 5.000000000000000278e-02
9.883883883883884280e+00 8.869833210880444518e-01 5.000000000000000278e-02
9.890890890890890574e+00 8.108486109338934877e-01 5.000000000000000278e-02
9.897897897897898645e+00 8.550296209732580754e-01 5.000000000000000278e-02
9.904904904904904939e+00 8.874530342140679595e-01 5.000000000000000278e-02
9.911911911911911233e+00 8.092408432532982587e-01 5.000000000000000278e-02
9.918918918918919303e+00 8.009223225998984841e-01 5.000000000000000278e-02
9.925925925925925597e+00 8.418240653526697370e-01 5.000000000000000278e-02
9.932932932932931891e+00 9.011327464655000119e-01 5.000000000000000278e-02
9.939939939939939961e+00 9.129873627909945721e-01 5.000000000000000278e-02
9.946946946946948032e+00 8.553721011433677024e-01 5.000000000000000278e-02
9.953953953953954326e+00 9.315905096535266328e-01 5.000000000000000278e-02
9.960960960960960620e+00 8.906331316679124699e-01 5.000000000000000278e-02
9.967967967967968690e+00 8.773408396100829121e-01 5.000000000000000278e-02
9.974974974974974984e+00 8.569145380406253398e-01 5.000000000000000278e-02
9.981981981981981278e+00 7.921221312877215759e-01 5.000000000000000278e-02
9.988988988988989348e+00 8.467491963295465940e-01 5.000000000000000278e-02
9.995995995995995642e+00 8.581125806910733234e-01 5.000000000000000278e-02
1.000300300300300194e+01 8.807495645778093962e-01 5.000000000000000278e-02
1.001001001001001001e+01 8.277024331875788565e-01 5.000000000000000278e-02
1.001701701701701808e+01 8.836376739238314126e-01 5.000000000000000278e-02
1.002402402402402437e+01 8.960837099267824346e-01 5.000000000000000278e-02
1.003103103103103066e+01 9.491496680220543603e-01 5.000000000000000278e-02
1.003803803803803874e+01 8.030408402883815189e-01 5.000000000000000278e-02
1.004504504504504503e+01 8.369291120140234241e-01 5.000000000000000278e-02
1.005205205205205132e+01 8.364500673361878746e-01 5.000000000000000278e-02
1.005905905905905939e+01 8.727377203939890027e-01 5.000000000000000278e-02
1.006606606606606569e+01 9.414629120605919610e-01 5.000000000000000278e-02
1.007307307307307198e+01 8.668629767364632865e-01 5.000000000000000278e-02
1.008008008008008005e+01 9.461306428022988602e-01 5.000000000000000278e-02
1.008708708708708812e+01 8.900276714514613330e-01 5.000000000000000278e-02
1.009409409409409442e+01 8.545794845803721396e-01 5.000000000000000278e-02
1.010110110110110071e+01 8.271044568660791407e-01 5.000000000000000278e-02
1.010810810810810878e+01 8.686283415754868509e-01 5.000000000000000278e-02
1.011511511511511507e+01 8.654613955785738222e-01 5.000000000000000278e-02
1.012212212212212137e+01 9.586432432992071373e-01 5.000000000000000278e-02
1.012912912912912944e+01 9.072659600094906684e-01 5.000000000000000278e-02
1.013613613613613573e+01 8.779526058866964355e-01 5.000000000000000278e-02
1.014314314314314203e+01 9.548682084650472746e-01 5.000000000000000278e-02
1.015015015015015010e+01 9.257057166837403539e-01 5.000000000000000278e-02
1.015715715715715817e+01 1.011981319920781663e+00 5.000000000000000278e-02
1.016416416416416446e+01 8.526352133930910071e-01 5.000000000000000278e-02
1.017117117117117076e+01 9.174854526439226721e-01 5.000000000000000278e-02
1.017817817817817883e+01 8.651866977111951629e-01 5.000000000000000278e-02
1.018518518518518512e+01 8.955519220587189189e-01 5.000000000000000278e-02
1.019219219219219141e+01 8.782942830751473418e-01 5.000000000000000278e-02
1.019919919919919948e+01 9.072805370761924948e-01 5.000000000000000278e-02
1.020620620620620578e+01 8.034555816735234890e-01 5.000000000000000278e-02
1.021321321321321207e+01 8.786497868248680509e-01 5.000000000000000278e-02
1.022022022022022014e+01 8.445129124622128280e-01 5.000000000000000278e-02
1.022722722722722821e+01 8.960736916977107835e-01 5.000000000000000278e-02
1.023423423423423451e+01 9.947369136773782650e-01 5.000000000000000278e-02
1.024124124124124080e+01 9.342524758982785338e-01 5.000000000000000278e-02
1.024824824824824887e+01 9.395984726834575307e-01 5.000000000000000278e-02
1.025525525525525516e+01 9.115213358385801934e-01 5.000000000000000278e-02
1.026226226226226146e+01 9.119744169979704385e-01 5.000000000000000278e-02
1.026926926926926953e+01 8.354064003411391104e-01 5.000000000000000278e-02
1.027627627627627582e+01 9.391073699966799859e-01 5.000000000000000278e-02
1.028328328328328212e+01 8.752886506815840129e-01 5.000000000000000278e-02
1.029029029029029019e+01 9.133445715064454351e-01 5.000000000000000278e-02
1.029729729729729826e+01 9.383442426729136088e-01 5.000000000000000278e-02
1.030430430430430455e+01 9.164030656339875458e-01 5.000000000000000278e-02
1.031131131131131085e+01 9.756405442492880331e-01 5.000000000000000278e-02
1.031831831831831892e+01 9.067105591457055302e-01 5.000000000000000278e-02
1.032532532532532521e+01 9.257865580516396742e-01 5.000000000000000278e-02
1.033233233233233150e+01 9.930455774600843721e-01 5.000000000000000278e-02
1.033933933933933957e+01 9.886794003522789698e-01 5.000000000000000278e-02
1.034634634634634587e+01 9.277272579037764144e-01 5.000000000000000278e-02
1.035335335335335216e+01 9.096280726086306556e-01 5.000000000000000278e-02
1.036036036036036023e+01 9.183047029257425109e-01 5.000000000000000278e-02
1.036736736736736830e+01 1.000999612077662526e+00 5.000000000000000278e-02
1.037437437437437460e+01 9.703371504707017925e-01 5.000000000000000278e-02
1.038138138138138089e+01 9.393839454867148886e-01 5.000000000000000278e-02
1.038838838838838896e+01 9.731267953498672352e-01 5.000000000000000278e-02
1.039539539539539525e+01 9.071084534577020797e-01 5.000000000000000278e-02
1.040240240240240155e+01 9.041423701732362872e-01 5.000000000000000278e-02
1.040940940940940962e+01 1.033552107005980991e+00 5.000000000000000278e-02
1.041641641641641769e+01 9.420697809783185050e-01 5.000000000000000278e-02
1.042342342342342221e+01 8.682336175486824459e-01 5.000000000000000278e-02
1.043043043043043028e+01 9.566980736939945107e-01 5.000000000000000278e-02
1.043743743743743835e+01 9.964281109086493560e-01 5.000000000000000278e-02
1.044444444444444464e+01 8.948033968861768273e-01 5.000000000000000278e-02
1.045145145145145094e+01 9.664391510047749545e-01 5.000000000000000278e-02
1.045845845845845901e+01 1.011318621859019329e+00 5.000000000000000278e-02
1.046546546546546530e+01 9.871399041409871788e-01 5.000000000000000278e-02
1.047247247247247159e+01 9.048709470153230017e-01 5.000000000000000278e-02
1.047947947947947966e+01 9.492761076416711408e-01 5.000000000000000278e-02
1.048648648648648773e+01 1.038949116147020346e+00 5.000000000000000278e-02
1.049349349349349225e+01 1.008076217515655904e+00 5.000000000000000278e-02
1.050050050050050032e+01 9.952325772891581490e-01 5.000000000000000278e-02
1.050750750750750839e+01 9.618115766503991804e-01 5.000000000000000278e-02
1.051451451451451469e+01 8.900680193748782276e-01 5.000000000000000278e-02
1.052152152152152098e+01 9.610274320128616710e-01 5.000000000000000278e-02
1.052852852852852905e+01 1.006192580061612052e+00 5.000000000000000278e-02
1.053553553553553535e+01 9.795651552051242161e-01 5.000000000000000278e-02
1.054254254254254164e+01 9.441739776691829844e-01 5.000000000000000278e-02
1.054954954954954971e+01 1.105562428612087533e+00 5.000000000000000278e-02
1.055655655655655778e+01 1.056603264102048190e+00 5.000000000000000278e-02
1.056356356356356230e+01 9.819283449514250028e-01 5.000000000000000278e-02
1.057057057057057037e+01 1.048453354244730962e+00 5.000000000000000278e-02
1.057757757757757844e+01 9.764650835007311347e-01 5.000000000000000278e-02
1.058458458458458473e+01 9.986693263671361231e-01 5.000000000000000278e-02
1.059159159159159103e+01 1.037941342482717300e+00 5.000000000000000278e-02
1.059859859859859910e+01 1.011050105777247854e+00 5.000000000000000278e-02
1.060560560560560539e+01 1.105340196623543658e+00 5.000000000000000278e-02
1.061261261261261168e+01 1.017615221943465986e+00 5.000000000000000278e-02
1.061961961961961975e+01 1.062557974938457717e+00 5.000000000000000278e-02
1.062662662662662783e+01 1.035253337460686041e+00 5.000000000000000278e-02
1.063363363363363234e+01 1.068777712238248911e+00 5.000000000000000278e-02
1.064064064064064041e+01 1.040616511457232329e+00 5.000000000000000278e-02
1.064764764764764848e+01 1.022834443696555962e+00 5.000000000000000278e-02
1.065465465465465478e+01 1.012387121476069574e+00 5.000000000000000278e-02
1.066166166166166107e+01 1.021600032518690249e+00 5.000000000000000278e-02
1.066866866866866914e+01 9.969165717786262482e-01 5.000000000000000278e-02
1.067567567567567544e+01 9.635118060063549983e-01 5.000000000000000278e-02
1.068268268268268173e+01 8.399269694524115204e-01 5.000000000000000278e-02
1.068968968968968980e+01 9.369956750630972220e-01 5.000000000000000278e-02
1.069669669669669787e+01 1.045362676766193433e+00 5.000000000000000278e-02
1.070370370370370239e+01 1.024295094227095193e+00 5.000000000000000278e-02
1.071071071071071046e+01 9.753453996806735748e-01 5.000000000000000278e-02
1.071771771771771853e+01 8.895517624003226320e-01 5.000000000000000278e-02
1.072472472472472482e+01 1.003822206313906618e+00 5.000000000000000278e-02
1.073173173173173112e+01 1.058547196220650521e+00 5.000000000000000278e-02
1.073873873873873919e+01 9.876740235952927716e-01 5.000000000000000278e-02
1.074574574574574548e+01 1.029715851977454966e+00 5.000000000000000278e-02
1.075275275275275177e+01 1.068728917477548501e+00 5.000000000000000278e-02
1.075975975975975985e+01 1.118979970917322042e+00 5.000000000000000278e-02
1.076676676676676792e+01 1.022078328106096334e+00 5.000000000000000278e-02
1.077377377377377243e+01 1.052221295206103191e+00 5.000000000000000278e-02
1.078078078078078050e+01 9.779493267724845840e-01 5.000000000000000278e-02
1.078778778778778857e+01 9.065095455489073917e-01 5.000000000000000278e-02
1.079479479479479487e+01 1.060212128664061115e+00 5.000000000000000278e-02
1.080180180180180116e+01 1.017933737272115113e+00 5.000000000000000278e-02
1.080880880880880923e+01 1.075697846209069164e+00 5.000000000000000278e-02
1.081581581581581553e+01 1.094361897898508573e+00 5.000000000000000278e-02
1.082282282282282182e+01 1.108918209006363398e+00 5.000000000000000278e-02
1.082982982982982989e+01 1.058272857723457694e+00 5.000000000000000278e-02
1.083683683683683796e+01 1.062377431970138675e+00 5.000000000000000278e-02
1.084384384384384248e+01 1.072305227247878134e+00 5.000000000000000278e-02
1.085085085085085055e+01 1.065126569725325156e+00 5.000000000000000278e-02
1.085785785785785862e+01 1.036331536133008546e+00 5.000000000000000278e-02
1.086486486486486491e+01 1.113724088362040288e+00 5.000000000000000278e-02
1.087187187187187121e+01 1.132273410333470176e+00 5.000000000000000278e-02
1.087887887887887928e+01 1.084463940331648280e+00 5.000000000000000278e-02
1.088588588588588557e+01 1.083775976868366131e+00 5.000000000000000278e-02
1.089289289289289187e+01 1.194720372027623156e+00 5.000000000000000278e-02
1.089989989989989994e+01 1.063748124900469882e+00 5.000000000000000278e-02
1.090690690690690801e+01 1.038642676861487590e+00 5.000000000000000278e-02
1.091391391391391430e+01 1.073255983351494969e+00 5.000000000000000278e-02
1.092092092092092059e+01 1.032030707597562769e+00 5.000000000000000278e-02
1.092792792792792866e+01 1.043608453106889655e+00 5.000000000000000278e-02
1.093493493493493496e+01 1.015975097940782446e+00 5.000000000000000278e-02
1.094194194194194125e+01 1.037144731739918946e+00 5.000000000000000278e-02
1.094894894894894932e+01 1.043389894511694838e+00 5.000000000000000278e-02
1.095595595595595562e+01 9.865834767452490439e-01 5.000000000000000278e-02
1.096296296296296191e+01 1.106614418721827864e+00 5.000000000000000278e-02
1.096996996996996998e+01 1.072887282112916285e+00 5.000000000000000278e-02
1.097697697697697805e+01 1.093931900207938623e+00 5.000000000000000278e-02
1.098398398398398434e+01 1.028197565864209961e+00 5.000000000000000278e-02
1.099099099099099064e+01 1.028196132803445018e+00 5.000000000000000278e-02
1.099799799799799871e+01 1.083870625351046169e+00 5.000000000000000278e-02
1.100500500500500500e+01 1.038968580277478404e+00 5.000000000000000278e-02
1.101201201201201130e+01 1.030749779104234376e+00 5.000000000000000278e-02
1.101901901901901937e+01 1.060791244951344359e+00 5.000000000000000278e-02
1.102602602602602566e+01 1.023563005611380028e+00 5.000000000000000278e-02
1.103303303303303196e+01 9.542761896631642982e-01 5.000000000000000278e-02
1.104004004004004003e+01 1.041323975956638836e+00 5.000000000000000278e-02
1.104704704704704810e+01 1.080757844597651118e+00 5.000000000000000278e-02
1.105405405405405439e+01 1.115709804470361277e+00 5.000000000000000278e-02
1.106106106106106068e+01 1.166621786647577874e+00 5.000000000000000278e-02
1.106806806806806875e+01 1.047311015120005129e+00 5.000000000000000278e-02
1.107507507507507505e+01 1.007923585395806398e+00 5.000000000000000278e-02
1.108208208208208134e+01 1.069415952537270398e+00 5.000000000000000278e-02
1.108908908908908941e+01 1.038748752962503685e+00 5.000000000000000278e-02
1.109609609609609571e+01 1.178554009448987250e+00 5.000000000000000278e-02
1.110310310310310200e+01 1.015844096251426132e+00 5.000000000000000278e-02
1.111011011011011007e+01 1.025277511527616259e+00 5.000000000000000278e-02
1.111711711711711814e+01 1.075594120256249786e+00 5.000000000000000278e-02
1.112412412412412444e+01 1.067152215019371075e+00 5.000000000000000278e-02
1.113113113113113073e+01 1.093446777456043684e+00 5.000000000000000278e-02
1.113813813813813880e+01 1.045168338859852719e+00 5.000000000000000278e-02
1.114514514514514509e+01 1.013594380460983713e+00 5.000000000000000278e-02
1.115215215215215139e+01 1.024345720090445111e+00 5.000000000000000278e-02
1.115915915915915946e+01 1.063227766271890085e+00 5.000000000000000278e-02
1.116616616616616575e+01 9.703432316490387954e-01 5.000000000000000278e-02
1.117317317317317205e+01 1.063050077770781643e+00 5.000000000000000278e-02
1.118018018018018012e+01 1.034547412834897040e+00 5.000000000000000278e-02
1.118718718718718819e+01 1.052728622785720880e+00 5.000000000000000278e-02
1.119419419419419448e+01 9.876391878617862830e-01 5.000000000000000278e-02
1.120120120120120077e+01 1.047149431526609220e+00 5.000000000000000278e-02
1.120820820820820884e+01 1.089843705174570632e+00 5.000000000000000278e-02
1.121521521521521514e+01 1.124985674367866784e+00 5.000000000000000278e-02
1.122222222222222143e+01 1.069675947413038175e+00 5.000000000000000278e-02
1.122922922922922950e+01 9.978884685835849311e-01 5.000000000000000278e-02
1.123623623623623580e+01 9.690294303017124022e-01 5.000000000000000278e-02
1.124324324324324209e+01 1.045513987816276469e+00 5.000000000000000278e-02
1.125025025025025016e+01 1.079169237170167772e+00 5.000000000000000278e-02
1.125725725725725823e+01 1.038330034763498055e+00 5.000000000000000278e-02
1.126426426426426453e+01 1.162137589952784378e+00 5.000000000000000278e-02
1.127127127127127082e+01 1.029619204611146754e+00 5.000000000000000278e-02
1.127827827827827889e+01 1.039426712362899963e+00 5.000000000000000278e-02
1.128528528528528518e+01 1.045762763965089492e+00 5.000000000000000278e-02
1.129229229229229148e+01 1.045617792135643542e+00 5.000000000000000278e-02
1.129929929929929955e+01 1.024511137820320217e+00 5.000000000000000278e-02
1.130630630630630584e+01 9.833047751098289435e-01 5.000000000000000278e-02
1.131331331331331214e+01 1.191132141828896929e+00 5.000000000000000278e-02
1.132032032032032021e+01 1.039477444473858814e+00 5.000000000000000278e-02
1.132732732732732828e+01 9.902212405834900366e-01 5.000000000000000278e-02
1.133433433433433457e+01 1.069075926927066655e+00 5.000000000000000278e-02
1.134134134134134086e+01 9.541373882233252779e-01 5.000000000000000278e-02
1.134834834834834894e+01 1.070613437131932910e+00 5.000000000000000278e-02
1.135535535535535523e+01 1.058662955010683637e+00 5.000000000000000278e-02
1.136236236236236152e+01 1.053340162450860928e+00 5.000000000000000278e-02
1.136936936936936959e+01 1.052798452883106028e+00 5.000000000000000278e-02
1.137637637637637589e+01 1.058101494756980676e+00 5.000000000000000278e-02
1.138338338338338218e+01 1.061508356692838717e+00 5.000000000000000278e-02
1.139039039039039025e+01 1.088910879490252892e+00 5.000000000000000278e-02
1.139739739739739832e+01 1.087645743979112289e+00 5.000000000000000278e-02
1.140440440440440462e+01 1.120674921687528025e+00 5.000000000000000278e-02
1.141141141141141091e+01 1.076142038091944642e+00 5.000000000000000278e-02
1.141841841841841898e+01 1.046317892602341759e+00 5.000000000000000278e-02
1.142542542542542527e+01 1.049753364292204338e+00 5.000000000000000278e-02
1.143243243243243157e+01 1.048784334297940823e+00 5.000000000000000278e-02
1.143943943943943964e+01 1.018620502077041134e+00 5.000000000000000278e-02
1.144644644644644771e+01 1.074946263841371152e+00 5.000000000000000278e-02
1.145345345345345223e+01 1.099386571820891945e+00 5.000000000000000278e-02
1.146046046046046030e+01 1.067295042416003703e+00 5.000000000000000278e-02
1.146746746746746837e+01 1.094441509628264697e+00 5.000000000000000278e-02
1.147447447447447466e+01 1.078650836424676296e+00 5.000000000000000278e-02
1.148148148148148096e+01 1.043119325048075474e+00 5.000000000000000278e-02
1.148848848848848903e+01 1.071078044727947320e+00 5.000000000000000278e-02
1.149549549549549532e+01 1.044150437251465169e+00 5.000000000000000278e-02
1.150250250250250161e+01 9.573518767763200543e-01 5.000000000000000278e-02
1.150950950950950968e+01 1.017306751982945956e+00 5.000000000000000278e-02
1.151651651651651775e+01 1.092944069318331657e+00 5.000000000000000278e-02
1.152352352352352227e+01 1.059983985349878699e+00 5.000000000000000278e-02
1.153053053053053034e+01 1.056668543758240375e+00 5.000000000000000278e-02
1.153753753753753841e+01 1.030050685318642412e+00 5.000000000000000278e-02
1.154454454454454471e+01 1.091784314420349622e+00 5.000000000000000278e-02
1.155155155155155100e+01 1.050702283315853469e+00 5.000000000000000278e-02
1.155855855855855907e+01 1.047865357340495462e+00 5.000000000000000278e-02
1.156556556556556536e+01 9.972651590198016169e-01 5.000000000000000278e-02
1.157257257257257166e+01 1.129179437182776802e+00 5.000000000000000278e-02
1.157957957957957973e+01 1.030706991296834296e+00 5.000000000000000278e-02
1.158658658658658780e+01 1.104422969015000255e+00 5.000000000000000278e-02
1.159359359359359232e+01 1.038170778428757046e+00 5.000000000000000278e-02
1.160060060060060039e+01 1.055129911996539827e+00 5.000000000000000278e-02
1.160760760760760846e+01 9.694854852139074275e-01 5.000000000000000278e-02
1.161461461461461475e+01 9.945554409889734160e-01 5.000000000000000278e-02
1.162162162162162105e+01 1.111518074772107623e+00 5.000000000000000278e-02
1.162862862862862912e+01 9.571891836563589662e-01 5.000000000000000278e-02
1.163563563563563541e+01 9.700632695597258826e-01 5.000000000000000278e-02
1.164264264264264170e+01 1.136767377340758278e+00 5.000000000000000278e-02
1.164964964964964977e+01 1.037845809695128185e+00 5.000000000000000278e-02
1.165665665665665784e+01 1.016601281521535949e+00 5.000000000000000278e-02
1.166366366366366236e+01 1.037657455562715603e+00 5.000000000000000278e-02
1.167067067067067043e+01 9.743839550693752516e-01 5.000000000000000278e-02
1.167767767767767850e+01 1.031259393145527392e+00 5.000000000000000278e-02
1.168468468468468480e+01 1.136943165754517260e+00 5.000000000000000278e-02
1.169169169169169109e+01 1.129059160157832364e+00 5.000000000000000278e-02
1.169869869869869916e+01 1.078666671789020315e+00 5.000000000000000278e-02
1.170570570570570545e+01 1.082558559629880346e+00 5.000000000000000278e-02
1.171271271271271175e+01 1.005829724781504231e+00 5.000000000000000278e-02
1.171971971971971982e+01 1.115904859403018312e+00 5.000000000000000278e-02
1.172672672672672789e+01 9.527396399069565369e-01 5.000000000000000278e-02
1.173373373373373241e+01 1.057382360959091994e+00 5.000000000000000278e-02
1.174074074074074048e+01 9.936607098388142711e-01 5.000000000000000278e-02
1.174774774774774855e+01 1.018830864619718835e+00 5.000000000000000278e-02
1.175475475475475484e+01 9.991779130033341394e-01 5.000000000000000278e-02
1.176176176176176114e+01 1.003889605054219203e+00 5.000000000000000278e-02
1.176876876876876921e+01 1.028172350029068705e+00 5.000000000000000278e-02
1.177577577577577550e+01 1.100595030331076751e+00 5.000000000000000278e-02
1.178278278278278179e+01 1.155488088888560139e+00 5.000000000000000278e-02
1.178978978978978986e+01 1.032272409385765810e+00 5.000000000000000278e-02
1.179679679679679793e+01 1.148706512217921860e+00 5.000000000000000278e-02
1.180380380380380245e+01 1.092832413634989841e+00 5.000000000000000278e-02
1.181081081081081052e+01 1.124660191411033461e+00 5.000000000000000278e-02
1.181781781781781859e+01 1.073635123964308935e+00 5.000000000000000278e-02
1.182482482482482489e+01 1.041061177802500293e+00 5.000000000000000278e-02
1.183183183183183118e+01 1.167495969682058377e+00 5.000000000000000278e-02
1.183883883883883925e+01 1.061367882738309065e+00 5.000000000000000278e-02
1.184584584584584555e+01 1.116334502893659764e+00 5.000000000000000278e-02
1.185285285285285184e+01 1.078667471969862124e+00 5.000000000000000278e-02
1.185985985985985991e+01 1.024368275215693291e+00 5.000000000000000278e-02
1.186686686686686798e+01 1.023371212361074312e+00 5.000000000000000278e-02
1.187387387387387250e+01 1.070285731765723725e+00 5.000000000000000278e-02
1.188088088088088057e+01 1.065544937388750002e+00 5.000000000000000278e-02
1.188788788788788864e+01 1.032770312791043033e+00 5.000000000000000278e-02
1.189489489489489493e+01 1.019933624907126468e+00 5.000000000000000278e-02
1.190190190190190123e+01 1.088861742278682820e+00 5.000000000000000278e-02
1.190890890890890930e+01 1.108917700543206264e+00 5.000000000000000278e-02
1.191591591591591559e+01 1.034278310079084218e+00 5.000000000000000278e-02
1.192292292292292188e+01 1.068078151886471483e+00 5.000000000000000278e-02
1.192992992992992995e+01 1.120154884381098670e+00 5.000000000000000278e-02
1.193693693693693803e+01 1.126397890215375064e+00 5.000000000000000278e-02
1.194394394394394432e+01 9.492803897056513174e-01 5.000000000000000278e-02
1.195095095095095061e+01 1.072821168649944701e+00 5.000000000000000278e-02
1.195795795795795868e+01 1.004022671648908904e+00 5.000000000000000278e-02
1.196496496496496498e+01 1.047190222798325410e+00 5.000000000000000278e-02
1.197197197197197127e+01 1.119975947145701145e+00 5.000000000000000278e-02
1.197897897897897934e+01 1.085780812464946177e+00 5.000000000000000278e-02
1.198598598598598564e+01 1.054630325406070490e+00 5.000000000000000278e-02
1.199299299299299193e+01 1.078951273905891073e+00 5.000000000000000278e-02
1.200000000000000000e+01 1.121367070623445095e+00 5.000000000000000278e-02
