1.000000000000000000e+00 9.827320253928749638e-01 2.999999999999999889e-02
1.040404040404040442e+00 9.928450598017565243e-01 2.999999999999999889e-02
1.080808080808080884e+00 9.601794456177515924e-01 2.999999999999999889e-02
1.121212121212121104e+00 9.956336947330981513e-01 2.999999999999999889e-02
1.161616161616161547e+00 1.030856127808321254e+00 2.999999999999999889e-02
1.202020202020201989e+00 1.030895280422874150e+00 2.999999999999999889e-02
1.242424242424242431e+00 9.973291074436798631e-01 2.999999999999999889e-02
1.282828282828282873e+00 1.064713884664434174e+00 2.999999999999999889e-02
1.323232323232323315e+00 9.652325161553847455e-01 2.999999999999999889e-02
1.363636363636363757e+00 9.962126995922725436e-01 2.999999999999999889e-02
1.404040404040403978e+00 1.041710399724968372e+00 2.999999999999999889e-02
1.444444444444444420e+00 9.843971947390360855e-01 2.999999999999999889e-02
1.484848484848484862e+00 9.958460594201262728e-01 2.999999999999999889e-02
1.525252525252525304e+00 1.022311459273385514e+00 2.999999999999999889e-02
1.565656565656565746e+00 1.007277640406603725e+00 2.999999999999999889e-02
1.606060606060605966e+00 1.042716049461421601e+00 2.999999999999999889e-02
1.646464646464646631e+00 9.443279499206069794e-01 2.999999999999999889e-02
1.686868686868686851e+00 9.844839758234716909e-01 2.999999999999999889e-02
1.727272727272727293e+00 9.862626894966906033e-01 2.999999999999999889e-02
1.767676767676767735e+00 9.757516425060511756e-01 2.999999999999999889e-02
1.808080808080808177e+00 9.295261803882157725e-01 2.999999999999999889e-02
1.848484848484848619e+00 9.977375385640074867e-01 2.999999999999999889e-02
1.888888888888888840e+00 1.054277915450195557e+00 2.999999999999999889e-02
1.929292929292929504e+00 9.117750259419752368e-01 2.999999999999999889e-02
1.969696969696969724e+00 1.037278229573912469e+00 2.999999999999999889e-02
2.010101010101010388e+00 1.022629068883373238e+00 2.999999999999999889e-02
2.050505050505050608e+00 9.720340474327501257e-01 2.999999999999999889e-02
2.090909090909090828e+00 1.015137481994937030e+00 2.999999999999999889e-02
2.131313131313131493e+00 9.893786272920376268e-01 2.999999999999999889e-02
2.171717171717171713e+00 1.011849810118774062e+00 2.999999999999999889e-02
2.212121212121211933e+00 1.001534508289232850e+00 2.999999999999999889e-02
2.252525252525252597e+00 9.857212758907071271e-01 2.999999999999999889e-02
2.292929292929293261e+00 9.939614165604443441e-01 2.999999999999999889e-02
2.333333333333333481e+00 9.669810185176631601e-01 2.999999999999999889e-02
2.373737373737373701e+00 1.009369710333859471e+00 2.999999999999999889e-02
2.414141414141414366e+00 9.547233532287466851e-01 2.999999999999999889e-02
2.454545454545454586e+00 9.582896302033596658e-01 2.999999999999999889e-02
2.494949494949494806e+00 1.018831599016168044e+00 2.999999999999999889e-02
2.535353535353535470e+00 9.674092933567779440e-01 2.999999999999999889e-02
2.575757575757576134e+00 1.014922053506973398e+00 2.999999999999999889e-02
2.616161616161616355e+00 1.030164440945095627e+00 2.999999999999999889e-02
2.656565656565656575e+00 9.762557734889441008e-01 2.999999999999999889e-02
2.696969696969697239e+00 1.012671098665456793e+00 2.999999999999999889e-02
2.737373737373737459e+00 9.816903367606778508e-01 2.999999999999999889e-02
2.777777777777777679e+00 9.764010429738368968e-01 2.999999999999999889e-02
2.818181818181818343e+00 9.663028323407115705e-01 2.999999999999999889e-02
2.858585858585859008e+00 1.014419440415174734e+00 2.999999999999999889e-02
2.898989898989899228e+00 9.603192933538942100e-01 2.999999999999999889e-02
2.939393939393939448e+00 1.014222024236605124e+00 2.999999999999999889e-02
2.979797979797980112e+00 1.019106726441812549e+00 2.999999999999999889e-02
3.020202020202020332e+00 1.030969799486749272e+00 2.999999999999999889e-02
3.060606060606060996e+00 9.817081970601596597e-01 2.999999999999999889e-02
3.101010101010101216e+00 9.688491494006349347e-01 2.999999999999999889e-02
3.141414141414141437e+00 9.904871534845818282e-01 2.999999999999999889e-02
3.181818181818182101e+00 9.741670173627237084e-01 2.999999999999999889e-02
3.222222222222222321e+00 9.348690004277986354e-01 2.999999999999999889e-02
3.262626262626262985e+00 8.960030053525526172e-01 2.999999999999999889e-02
3.303030303030303205e+00 9.216275168734624490e-01 2.999999999999999889e-02
3.343434343434343425e+00 9.491738224285052317e-01 2.999999999999999889e-02
3.383838383838384090e+00 8.885232383616648022e-01 2.999999999999999889e-02
3.424242424242424310e+00 8.839723262433006878e-01 2.999999999999999889e-02
3.464646464646464974e+00 8.161224118075230960e-01 2.999999999999999889e-02
3.505050505050505194e+00 7.337636314678287475e-01 2.999999999999999889e-02
3.545454545454545858e+00 7.315352069481879660e-01 2.999999999999999889e-02
3.585858585858586078e+00 7.670059729362774803e-01 2.999999999999999889e-02
3.626262626262626299e+00 7.223199557673695148e-01 2.999999999999999889e-02
3.666666666666666963e+00 7.526751391960485593e-01 2.999999999999999889e-02
3.707070707070707183e+00 6.998485037058025382e-01 2.999999999999999889e-02
3.747474747474747847e+00 7.959452408405544022e-01 2.999999999999999889e-02
3.787878787878788067e+00 7.737302060161027617e-01 2.999999999999999889e-02
3.828282828282828731e+00 8.041751052113260689e-01 2.999999999999999889e-02
3.868686868686868952e+00 8.235973802110455599e-01 2.999999999999999889e-02
3.909090909090909172e+00 8.623010953639551612e-01 2.999999999999999889e-02
3.949494949494949836e+00 8.513176471026184799e-01 2.999999999999999889e-02
3.989898989898990056e+00 9.329982727560712785e-01 2.999999999999999889e-02
4.030303030303031164e+00 9.371712340253522955e-01 2.999999999999999889e-02
4.070707070707070940e+00 9.398863449481112964e-01 2.999999999999999889e-02
4.111111111111110716e+00 9.821072388163653022e-01 2.999999999999999889e-02
4.151515151515152269e+00 9.362071448250898209e-01 2.999999999999999889e-02
4.191919191919192045e+00 9.794217938168936488e-01 2.999999999999999889e-02
4.232323232323232709e+00 1.029587237891641305e+00 2.999999999999999889e-02
4.272727272727273373e+00 9.803989266256437629e-01 2.999999999999999889e-02
4.313131313131313149e+00 1.033226268432944073e+00 2.999999999999999889e-02
4.353535353535353813e+00 1.008999344081699778e+00 2.999999999999999889e-02
4.393939393939394478e+00 9.958104838629799893e-01 2.999999999999999889e-02
4.434343434343434254e+00 9.968656217783911089e-01 2.999999999999999889e-02
4.474747474747474918e+00 9.617464499129100286e-01 2.999999999999999889e-02
4.515151515151515582e+00 1.051809371827332251e+00 2.999999999999999889e-02
4.555555555555555358e+00 1.019602189917940605e+00 2.999999999999999889e-02
4.595959595959596911e+00 9.518106039975938737e-01 2.999999999999999889e-02
4.636363636363636687e+00 1.020674892614065410e+00 2.999999999999999889e-02
4.676767676767676463e+00 9.828987290556340239e-01 2.999999999999999889e-02
4.717171717171718015e+00 1.002341871644778726e+00 2.999999999999999889e-02
4.757575757575757791e+00 1.011051562916086777e+00 2.999999999999999889e-02
4.797979797979798455e+00 9.552910807351253641e-01 2.999999999999999889e-02
4.838383838383839120e+00 9.512236957892229450e-01 2.999999999999999889e-02
4.878787878787878896e+00 9.670035413749091813e-01 2.999999999999999889e-02
4.919191919191919560e+00 9.048023782676818394e-01 2.999999999999999889e-02
4.959595959595960224e+00 9.499767829273730868e-01 2.999999999999999889e-02
5.000000000000000000e+00 9.636167966267286111e-01 2.999999999999999889e-02
