5.000000000000000000e+00 1.089599131793420383e+00 2.999999999999999889e-02
5.050505050505050164e+00 1.107882235048192943e+00 2.999999999999999889e-02
5.101010101010101216e+00 1.107780206829413361e+00 2.999999999999999889e-02
5.151515151515151381e+00 1.071523962759752591e+00 2.999999999999999889e-02
5.202020202020202433e+00 1.130309025943780243e+00 2.999999999999999889e-02
5.252525252525252597e+00 1.082433430805182395e+00 2.999999999999999889e-02
5.303030303030302761e+00 1.107312764976773112e+00 2.999999999999999889e-02
5.353535353535353813e+00 1.174949940555386263e+00 2.999999999999999889e-02
5.404040404040403978e+00 1.093848199795287801e+00 2.999999999999999889e-02
5.454545454545454142e+00 1.154518176537281171e+00 2.999999999999999889e-02
5.505050505050505194e+00 1.131809337466950671e+00 2.999999999999999889e-02
5.555555555555555358e+00 1.104978391535581528e+00 2.999999999999999889e-02
5.606060606060606410e+00 1.077980890733459818e+00 2.999999999999999889e-02
5.656565656565656575e+00 1.052855029240776119e+00 2.999999999999999889e-02
5.707070707070706739e+00 1.106173639713443180e+00 2.999999999999999889e-02
5.757575757575757791e+00 1.188659550920416752e+00 2.999999999999999889e-02
5.808080808080807955e+00 1.127548363219559979e+00 2.999999999999999889e-02
5.858585858585858119e+00 1.053160313506080081e+00 2.999999999999999889e-02
5.909090909090909172e+00 1.110250173167504517e+00 2.999999999999999889e-02
5.959595959595959336e+00 1.147179824653391078e+00 2.999999999999999889e-02
6.010101010101010388e+00 1.094140263849813222e+00 2.999999999999999889e-02
6.060606060606060552e+00 1.140628248779338882e+00 2.999999999999999889e-02
6.111111111111110716e+00 1.095523717156856813e+00 2.999999999999999889e-02
6.161616161616161769e+00 1.106809790467221166e+00 2.999999999999999889e-02
6.212121212121211933e+00 1.140080531339995984e+00 2.999999999999999889e-02
6.262626262626262985e+00 1.095267832847260703e+00 2.999999999999999889e-02
6.313131313131313149e+00 1.024008143987318098e+00 2.999999999999999889e-02
6.363636363636363313e+00 1.091347575642880763e+00 2.999999999999999889e-02
6.414141414141414366e+00 1.104339521843137772e+00 2.999999999999999889e-02
6.464646464646464530e+00 1.096767014055110900e+00 2.999999999999999889e-02
6.515151515151515582e+00 1.078695672460989741e+00 2.999999999999999889e-02
6.565656565656565746e+00 1.043654339881272541e+00 2.999999999999999889e-02
6.616161616161615910e+00 1.069580525786617331e+00 2.999999999999999889e-02
6.666666666666666963e+00 1.069402378922439611e+00 2.999999999999999889e-02
6.717171717171717127e+00 1.095961892635921808e+00 2.999999999999999889e-02
6.767676767676768179e+00 1.132253874405762639e+00 2.999999999999999889e-02
6.818181818181818343e+00 1.120034050609423959e+00 2.999999999999999889e-02
6.868686868686868507e+00 1.074414202513066297e+00 2.999999999999999889e-02
6.919191919191918672e+00 1.077124605992363815e+00 2.999999999999999889e-02
6.969696969696969724e+00 1.095607832978037655e+00 2.999999999999999889e-02
7.020202020202020776e+00 1.137742486900708228e+00 2.999999999999999889e-02
7.070707070707070940e+00 1.097302571131393067e+00 2.999999999999999889e-02
7.121212121212121104e+00 1.082729618702779950e+00 2.999999999999999889e-02
7.171717171717171269e+00 1.070147635481016879e+00 2.999999999999999889e-02
7.222222222222222321e+00 1.031782684401726158e+00 2.999999999999999889e-02
7.272727272727272485e+00 1.029811366222335156e+00 2.999999999999999889e-02
7.323232323232323537e+00 9.988515465922802594e-01 2.999999999999999889e-02
7.373737373737373701e+00 9.496247342230913491e-01 2.999999999999999889e-02
7.424242424242423866e+00 8.934636708828398444e-01 2.999999999999999889e-02
7.474747474747474918e+00 8.886765952301598492e-01 2.999999999999999889e-02
7.525252525252525082e+00 8.933844412125159229e-01 2.999999999999999889e-02
7.575757575757576134e+00 8.204152416728509589e-01 2.999999999999999889e-02
7.626262626262626299e+00 8.209967736926365722e-01 2.999999999999999889e-02
7.676767676767676463e+00 7.676006851091261574e-01 2.999999999999999889e-02
7.727272727272726627e+00 8.398568889370040536e-01 2.999999999999999889e-02
7.777777777777777679e+00 8.501152338760098459e-01 2.999999999999999889e-02
7.828282828282828731e+00 9.070890260165722641e-01 2.999999999999999889e-02
7.878787878787878896e+00 8.800431495126619375e-01 2.999999999999999889e-02
7.929292929292929060e+00 9.493096490050008107e-01 2.999999999999999889e-02
7.979797979797979224e+00 1.010970016270063443e+00 2.999999999999999889e-02
8.030303030303031164e+00 1.103220387280694492e+00 2.999999999999999889e-02
8.080808080808081328e+00 1.009939067698870874e+00 2.999999999999999889e-02
8.131313131313131493e+00 1.041652792522574478e+00 2.999999999999999889e-02
8.181818181818181657e+00 1.071465979217590458e+00 2.999999999999999889e-02
8.232323232323231821e+00 1.096685143997683021e+00 2.999999999999999889e-02
8.282828282828283761e+00 1.072145920701900179e+00 2.999999999999999889e-02
8.333333333333333925e+00 1.082196867040575272e+00 2.999999999999999889e-02
8.383838383838384090e+00 1.073470153874514610e+00 2.999999999999999889e-02
8.434343434343434254e+00 1.082648225734329728e+00 2.999999999999999889e-02
8.484848484848484418e+00 1.094803193908230332e+00 2.999999999999999889e-02
8.535353535353536358e+00 1.141275600220343023e+00 2.999999999999999889e-02
8.585858585858584746e+00 1.054675587466094910e+00 2.999999999999999889e-02
8.636363636363636687e+00 1.071341073382503728e+00 2.999999999999999889e-02
8.686868686868686851e+00 1.089415788320887923e+00 2.999999999999999889e-02
8.737373737373737015e+00 1.098849583390123064e+00 2.999999999999999889e-02
8.787878787878787179e+00 1.100779534135075455e+00 2.999999999999999889e-02
8.838383838383837343e+00 1.075562216590995490e+00 2.999999999999999889e-02
8.888888888888889284e+00 1.132850361754574431e+00 2.999999999999999889e-02
8.939393939393939448e+00 1.054233682322505139e+00 2.999999999999999889e-02
8.989898989898989612e+00 1.061978738165019642e+00 2.999999999999999889e-02
9.040404040404041552e+00 1.098167315092277496e+00 2.999999999999999889e-02
9.090909090909089940e+00 1.144664540433320443e+00 2.999999999999999889e-02
9.141414141414141881e+00 1.138504495129152305e+00 2.999999999999999889e-02
9.191919191919192045e+00 1.100831592614007759e+00 2.999999999999999889e-02
9.242424242424242209e+00 1.083000530005844064e+00 2.999999999999999889e-02
9.292929292929294149e+00 1.144857138691312892e+00 2.999999999999999889e-02
9.343434343434342537e+00 1.062289338700100449e+00 2.999999999999999889e-02
9.393939393939394478e+00 1.094865087495421552e+00 2.999999999999999889e-02
9.444444444444444642e+00 1.122288853749028537e+00 2.999999999999999889e-02
9.494949494949494806e+00 1.064783428291016909e+00 2.999999999999999889e-02
9.545454545454544970e+00 1.130439037562049220e+00 2.999999999999999889e-02
9.595959595959595134e+00 1.048186662853966666e+00 2.999999999999999889e-02
9.646464646464647075e+00 1.061266043802465919e+00 2.999999999999999889e-02
9.696969696969697239e+00 1.079238138596116281e+00 2.999999999999999889e-02
9.747474747474747403e+00 1.052872164106146036e+00 2.999999999999999889e-02
9.797979797979797567e+00 1.099075393494956643e+00 2.999999999999999889e-02
9.848484848484847731e+00 1.072785022148142975e+00 2.999999999999999889e-02
9.898989898989899672e+00 1.085792700890356288e+00 2.999999999999999889e-02
9.949494949494949836e+00 1.105733994601878489e+00 2.999999999999999889e-02
1.000000000000000000e+01 1.075344850565196575e+00 2.999999999999999889e-02
