1.000000000000000000e+00 9.629164810281465314e-01 5.000000000000000278e-02
1.004004004004003914e+00 1.062877722782479717e+00 5.000000000000000278e-02
1.008008008008008050e+00 8.905229797279806681e-01 5.000000000000000278e-02
1.012012012012011963e+00 1.000239672410053515e+00 5.000000000000000278e-02
1.016016016016016099e+00 1.016916142764950237e+00 5.000000000000000278e-02
1.020020020020020013e+00 1.000479914926168945e+00 5.000000000000000278e-02
1.024024024024023927e+00 9.801543137137493922e-01 5.000000000000000278e-02
1.028028028028028062e+00 9.910092406349721994e-01 5.000000000000000278e-02
1.032032032032031976e+00 1.027882003037730252e+00 5.000000000000000278e-02
1.036036036036036112e+00 1.049632531073305008e+00 5.000000000000000278e-02
1.040040040040040026e+00 1.000191601793485763e+00 5.000000000000000278e-02
1.044044044044043940e+00 1.042523940677591687e+00 5.000000000000000278e-02
1.048048048048048075e+00 9.585510354579701575e-01 5.000000000000000278e-02
1.052052052052051989e+00 9.460231000353274133e-01 5.000000000000000278e-02
1.056056056056056125e+00 9.530518313607916348e-01 5.000000000000000278e-02
1.060060060060060039e+00 9.942464996447485381e-01 5.000000000000000278e-02
1.064064064064063952e+00 1.006504795242524342e+00 5.000000000000000278e-02
1.068068068068068088e+00 1.049747814317567141e+00 5.000000000000000278e-02
1.072072072072072002e+00 1.065098359777001624e+00 5.000000000000000278e-02
1.076076076076076138e+00 1.081363452916620504e+00 5.000000000000000278e-02
1.080080080080080052e+00 1.076196433676501085e+00 5.000000000000000278e-02
1.084084084084083965e+00 9.279887811449061275e-01 5.000000000000000278e-02
1.088088088088088101e+00 9.504682967385174042e-01 5.000000000000000278e-02
1.092092092092092015e+00 9.534845385692115594e-01 5.000000000000000278e-02
1.096096096096096151e+00 9.453397275380892584e-01 5.000000000000000278e-02
1.100100100100100065e+00 9.611291724995582042e-01 5.000000000000000278e-02
1.104104104104104200e+00 9.906716702651788831e-01 5.000000000000000278e-02
1.108108108108108114e+00 1.032599321161147499e+00 5.000000000000000278e-02
1.112112112112112028e+00 8.738161524147272097e-01 5.000000000000000278e-02
1.116116116116116164e+00 1.044868151805982137e+00 5.000000000000000278e-02
1.120120120120120077e+00 1.091564870975688883e+00 5.000000000000000278e-02
1.124124124124124213e+00 1.007773071530043918e+00 5.000000000000000278e-02
1.128128128128128127e+00 1.073875849955471251e+00 5.000000000000000278e-02
1.132132132132132041e+00 1.007841649626576963e+00 5.000000000000000278e-02
1.136136136136136177e+00 1.014648815105773316e+00 5.000000000000000278e-02
1.140140140140140090e+00 9.822220945079108700e-01 5.000000000000000278e-02
1.144144144144144226e+00 9.738825993346432730e-01 5.000000000000000278e-02
1.148148148148148140e+00 9.906991738801309566e-01 5.000000000000000278e-02
1.152152152152152276e+00 1.048856263457875304e+00 5.000000000000000278e-02
1.156156156156156189e+00 9.119851039415500793e-01 5.000000000000000278e-02
1.160160160160160103e+00 9.605363840831167010e-01 5.000000000000000278e-02
1.164164164164164239e+00 9.951888900400353011e-01 5.000000000000000278e-02
1.168168168168168153e+00 9.527258534360174558e-01 5.000000000000000278e-02
1.172172172172172289e+00 1.007745524610728305e+00 5.000000000000000278e-02
1.176176176176176202e+00 1.014605426750728290e+00 5.000000000000000278e-02
1.180180180180180116e+00 1.030861602854813430e+00 5.000000000000000278e-02
1.184184184184184252e+00 9.584228799439497015e-01 5.000000000000000278e-02
1.188188188188188166e+00 9.804615598940940036e-01 5.000000000000000278e-02
1.192192192192192302e+00 9.400097666832083476e-01 5.000000000000000278e-02
1.196196196196196215e+00 1.024138757011672451e+00 5.000000000000000278e-02
1.200200200200200129e+00 9.586452503297410166e-01 5.000000000000000278e-02
1.204204204204204265e+00 9.855076799211659466e-01 5.000000000000000278e-02
1.208208208208208179e+00 1.029507250770564486e+00 5.000000000000000278e-02
1.212212212212212314e+00 1.024447456392763911e+00 5.000000000000000278e-02
1.216216216216216228e+00 1.055571499983902761e+00 5.000000000000000278e-02
1.220220220220220142e+00 1.023120654331498791e+00 5.000000000000000278e-02
1.224224224224224278e+00 1.028080233035881363e+00 5.000000000000000278e-02
1.228228228228228192e+00 9.685094636163783521e-01 5.000000000000000278e-02
1.232232232232232327e+00 9.814466844995703987e-01 5.000000000000000278e-02
1.236236236236236241e+00 1.033422894387870050e+00 5.000000000000000278e-02
1.240240240240240155e+00 1.013676099944436082e+00 5.000000000000000278e-02
1.244244244244244291e+00 9.682588068694183425e-01 5.000000000000000278e-02
1.248248248248248204e+00 9.838070105331054860e-01 5.000000000000000278e-02
1.252252252252252340e+00 9.554433735374150416e-01 5.000000000000000278e-02
1.256256256256256254e+00 1.050490011400605717e+00 5.000000000000000278e-02
1.260260260260260168e+00 1.009314883852713063e+00 5.000000000000000278e-02
1.264264264264264304e+00 1.071165835389932486e+00 5.000000000000000278e-02
1.268268268268268217e+00 9.966536303243436201e-01 5.000000000000000278e-02
1.272272272272272353e+00 1.068628552708464685e+00 5.000000000000000278e-02
1.276276276276276267e+00 1.077065311597574793e+00 5.000000000000000278e-02
1.280280280280280181e+00 9.209504603416972524e-01 5.000000000000000278e-02
1.284284284284284317e+00 1.023392915281650994e+00 5.000000000000000278e-02
1.288288288288288230e+00 9.338623921310891252e-01 5.000000000000000278e-02
1.292292292292292366e+00 9.825520404964256382e-01 5.000000000000000278e-02
1.296296296296296280e+00 9.866513000737707761e-01 5.000000000000000278e-02
1.300300300300300194e+00 1.028401205491085602e+00 5.000000000000000278e-02
1.304304304304304329e+00 1.046950587696262369e+00 5.000000000000000278e-02
1.308308308308308243e+00 1.022177540654942707e+00 5.000000000000000278e-02
1.312312312312312379e+00 1.010619765780310875e+00 5.000000000000000278e-02
1.316316316316316293e+00 1.058379323110850034e+00 5.000000000000000278e-02
1.320320320320320207e+00 1.055923756918771383e+00 5.000000000000000278e-02
1.324324324324324342e+00 9.947729306401287275e-01 5.000000000000000278e-02
1.328328328328328256e+00 1.049371810227148760e+00 5.000000000000000278e-02
1.332332332332332392e+00 1.069547492261326616e+00 5.000000000000000278e-02
1.336336336336336306e+00 1.043012344628837074e+00 5.000000000000000278e-02
1.340340340340340219e+00 1.040521255676843060e+00 5.000000000000000278e-02
1.344344344344344355e+00 8.985090018332078099e-01 5.000000000000000278e-02
1.348348348348348269e+00 9.437749953439249495e-01 5.000000000000000278e-02
1.352352352352352405e+00 1.011134587933766316e+00 5.000000000000000278e-02
1.356356356356356319e+00 9.495748989836001464e-01 5.000000000000000278e-02
1.360360360360360232e+00 9.981694187396230600e-01 5.000000000000000278e-02
1.364364364364364368e+00 1.064310994827042833e+00 5.000000000000000278e-02
1.368368368368368504e+00 1.029584225707868672e+00 5.000000000000000278e-02
1.372372372372372418e+00 9.936035394883880878e-01 5.000000000000000278e-02
1.376376376376376331e+00 8.984908114603507023e-01 5.000000000000000278e-02
1.380380380380380245e+00 9.606028368315447930e-01 5.000000000000000278e-02
1.384384384384384381e+00 9.584837948153597242e-01 5.000000000000000278e-02
1.388388388388388517e+00 8.708564864358210311e-01 5.000000000000000278e-02
1.392392392392392431e+00 9.476096274424146149e-01 5.000000000000000278e-02
1.396396396396396344e+00 9.870362236987727522e-01 5.000000000000000278e-02
1.400400400400400258e+00 9.373520706049237594e-01 5.000000000000000278e-02
1.404404404404404394e+00 1.006380035026120945e+00 5.000000000000000278e-02
1.408408408408408530e+00 1.077788986860387155e+00 5.000000000000000278e-02
1.412412412412412444e+00 9.029996757706892918e-01 5.000000000000000278e-02
1.416416416416416357e+00 9.361223698356517797e-01 5.000000000000000278e-02
1.420420420420420493e+00 9.903913301683906489e-01 5.000000000000000278e-02
1.424424424424424407e+00 9.323891867963796098e-01 5.000000000000000278e-02
1.428428428428428543e+00 9.659767498799658458e-01 5.000000000000000278e-02
1.432432432432432456e+00 1.007254183024670846e+00 5.000000000000000278e-02
1.436436436436436370e+00 9.295121092701377208e-01 5.000000000000000278e-02
1.440440440440440506e+00 9.324343723431934849e-01 5.000000000000000278e-02
1.444444444444444420e+00 9.461064820552101962e-01 5.000000000000000278e-02
1.448448448448448556e+00 9.963965841362346643e-01 5.000000000000000278e-02
1.452452452452452469e+00 9.244697624185984619e-01 5.000000000000000278e-02
1.456456456456456383e+00 1.124529118155178864e+00 5.000000000000000278e-02
1.460460460460460519e+00 9.826393867575859975e-01 5.000000000000000278e-02
1.464464464464464433e+00 1.087655757043416438e+00 5.000000000000000278e-02
1.468468468468468568e+00 9.116419129016364309e-01 5.000000000000000278e-02
1.472472472472472482e+00 1.037909719234055173e+00 5.000000000000000278e-02
1.476476476476476396e+00 1.016577871391339816e+00 5.000000000000000278e-02
1.480480480480480532e+00 1.087349023193449060e+00 5.000000000000000278e-02
1.484484484484484446e+00 9.602919814479993210e-01 5.000000000000000278e-02
1.488488488488488581e+00 1.012380213181687028e+00 5.000000000000000278e-02
1.492492492492492495e+00 1.043072618393074746e+00 5.000000000000000278e-02
1.496496496496496409e+00 9.819169618308080105e-01 5.000000000000000278e-02
1.500500500500500545e+00 1.132897812917192715e+00 5.000000000000000278e-02
1.504504504504504458e+00 9.770337074578394621e-01 5.000000000000000278e-02
1.508508508508508594e+00 1.033134803847232774e+00 5.000000000000000278e-02
1.512512512512512508e+00 9.915580711629885524e-01 5.000000000000000278e-02
1.516516516516516422e+00 1.016006533221060826e+00 5.000000000000000278e-02
1.520520520520520558e+00 1.034321627416303402e+00 5.000000000000000278e-02
1.524524524524524471e+00 9.712235404107999459e-01 5.000000000000000278e-02
1.528528528528528607e+00 1.050167727755234148e+00 5.000000000000000278e-02
1.532532532532532521e+00 9.312476737138529748e-01 5.000000000000000278e-02
1.536536536536536435e+00 9.524553803753607051e-01 5.000000000000000278e-02
1.540540540540540571e+00 1.016976290772890312e+00 5.000000000000000278e-02
1.544544544544544484e+00 1.016621685866225144e+00 5.000000000000000278e-02
1.548548548548548620e+00 9.196492081059557400e-01 5.000000000000000278e-02
1.552552552552552534e+00 1.076197500848637301e+00 5.000000000000000278e-02
1.556556556556556448e+00 9.877859028722685286e-01 5.000000000000000278e-02
1.560560560560560583e+00 1.005176898514696937e+00 5.000000000000000278e-02
1.564564564564564719e+00 9.163224473123637859e-01 5.000000000000000278e-02
1.568568568568568633e+00 1.008402992868695724e+00 5.000000000000000278e-02
1.572572572572572547e+00 9.636775991755015536e-01 5.000000000000000278e-02
1.576576576576576461e+00 1.024877328642271879e+00 5.000000000000000278e-02
1.580580580580580596e+00 8.895727080847740664e-01 5.000000000000000278e-02
1.584584584584584732e+00 9.700669524791554199e-01 5.000000000000000278e-02
1.588588588588588646e+00 9.657923100989646015e-01 5.000000000000000278e-02
1.592592592592592560e+00 9.666760758491619310e-01 5.000000000000000278e-02
1.596596596596596473e+00 9.308372165083852456e-01 5.000000000000000278e-02
1.600600600600600609e+00 9.639007840989615161e-01 5.000000000000000278e-02
1.604604604604604745e+00 9.614365713559005489e-01 5.000000000000000278e-02
1.608608608608608659e+00 9.425303132769558001e-01 5.000000000000000278e-02
1.612612612612612573e+00 9.814573738216114673e-01 5.000000000000000278e-02
1.616616616616616486e+00 1.027047432583771069e+00 5.000000000000000278e-02
1.620620620620620622e+00 1.035993950644656492e+00 5.000000000000000278e-02
1.624624624624624758e+00 9.842620176360040718e-01 5.000000000000000278e-02
1.628628628628628672e+00 9.802129012458694612e-01 5.000000000000000278e-02
1.632632632632632586e+00 9.852604935243475248e-01 5.000000000000000278e-02
1.636636636636636499e+00 9.627279540137253511e-01 5.000000000000000278e-02
1.640640640640640635e+00 1.022655717191982339e+00 5.000000000000000278e-02
1.644644644644644771e+00 9.850827860931278268e-01 5.000000000000000278e-02
1.648648648648648685e+00 8.905948143719677468e-01 5.000000000000000278e-02
1.652652652652652598e+00 9.752635386034564924e-01 5.000000000000000278e-02
1.656656656656656512e+00 9.310775550258753031e-01 5.000000000000000278e-02
1.660660660660660648e+00 9.847879029214221536e-01 5.000000000000000278e-02
1.664664664664664784e+00 9.731028773566929857e-01 5.000000000000000278e-02
1.668668668668668698e+00 9.707955267201852090e-01 5.000000000000000278e-02
1.672672672672672611e+00 9.919535739098916949e-01 5.000000000000000278e-02
1.676676676676676525e+00 9.599673137889374042e-01 5.000000000000000278e-02
1.680680680680680661e+00 1.012982894869706607e+00 5.000000000000000278e-02
1.684684684684684797e+00 1.076596814859959617e+00 5.000000000000000278e-02
1.688688688688688710e+00 9.413435965991940879e-01 5.000000000000000278e-02
1.692692692692692624e+00 1.005034566172088528e+00 5.000000000000000278e-02
1.696696696696696538e+00 9.845701380286207005e-01 5.000000000000000278e-02
1.700700700700700674e+00 1.056916567247486727e+00 5.000000000000000278e-02
1.704704704704704810e+00 9.651422280818220401e-01 5.000000000000000278e-02
1.708708708708708723e+00 1.021253967654141226e+00 5.000000000000000278e-02
1.712712712712712637e+00 1.021657707783470981e+00 5.000000000000000278e-02
1.716716716716716551e+00 9.622341342322431323e-01 5.000000000000000278e-02
1.720720720720720687e+00 1.032961325815177078e+00 5.000000000000000278e-02
1.724724724724724823e+00 1.018139488026225115e+00 5.000000000000000278e-02
1.728728728728728736e+00 8.720538303757043863e-01 5.000000000000000278e-02
1.732732732732732650e+00 1.023653568958559745e+00 5.000000000000000278e-02
1.736736736736736786e+00 1.010506312101479676e+00 5.000000000000000278e-02
1.740740740740740700e+00 9.117496893027864369e-01 5.000000000000000278e-02
1.744744744744744835e+00 9.689872315140516390e-01 5.000000000000000278e-02
1.748748748748748749e+00 9.757928736647946133e-01 5.000000000000000278e-02
1.752752752752752663e+00 8.968066235739441394e-01 5.000000000000000278e-02
1.756756756756756799e+00 1.025561889563204376e+00 5.000000000000000278e-02
1.760760760760760713e+00 9.679507602414639811e-01 5.000000000000000278e-02
1.764764764764764848e+00 9.596290606072606089e-01 5.000000000000000278e-02
1.768768768768768762e+00 1.004829199832541597e+00 5.000000000000000278e-02
1.772772772772772676e+00 9.380186063099474891e-01 5.000000000000000278e-02
1.776776776776776812e+00 9.236962725256167017e-01 5.000000000000000278e-02
1.780780780780780725e+00 8.918003715770215223e-01 5.000000000000000278e-02
1.784784784784784861e+00 9.888747590255613229e-01 5.000000000000000278e-02
1.788788788788788775e+00 9.849813860301172008e-01 5.000000000000000278e-02
1.792792792792792689e+00 1.011609710835092324e+00 5.000000000000000278e-02
1.796796796796796825e+00 1.028304689232336200e+00 5.000000000000000278e-02
1.800800800800800738e+00 1.002899657335962313e+00 5.000000000000000278e-02
1.804804804804804874e+00 9.701423234952861741e-01 5.000000000000000278e-02
1.808808808808808788e+00 9.717415104393685166e-01 5.000000000000000278e-02
1.812812812812812702e+00 9.869557581021211057e-01 5.000000000000000278e-02
1.816816816816816837e+00 1.026487492139799285e+00 5.000000000000000278e-02
1.820820820820820973e+00 9.875442431045114988e-01 5.000000000000000278e-02
1.824824824824824887e+00 8.678476056406759787e-01 5.000000000000000278e-02
1.828828828828828801e+00 9.495913821564009316e-01 5.000000000000000278e-02
1.832832832832832715e+00 9.796062687765292321e-01 5.000000000000000278e-02
1.836836836836836850e+00 9.623577836507549721e-01 5.000000000000000278e-02
1.840840840840840986e+00 9.162051051197792617e-01 5.000000000000000278e-02
1.844844844844844900e+00 9.486405591829176753e-01 5.000000000000000278e-02
1.848848848848848814e+00 9.280916078215093457e-01 5.000000000000000278e-02
1.852852852852852727e+00 9.695957559438215245e-01 5.000000000000000278e-02
1.856856856856856863e+00 9.675578261636493815e-01 5.000000000000000278e-02
1.860860860860860999e+00 9.684729693179418009e-01 5.000000000000000278e-02
1.864864864864864913e+00 9.490692555882266346e-01 5.000000000000000278e-02
1.868868868868868827e+00 9.084565703973839224e-01 5.000000000000000278e-02
1.872872872872872740e+00 1.055456243287079099e+00 5.000000000000000278e-02
1.876876876876876876e+00 9.353651062485225376e-01 5.000000000000000278e-02
1.880880880880881012e+00 8.937040341320408032e-01 5.000000000000000278e-02
1.884884884884884926e+00 9.772094371867289242e-01 5.000000000000000278e-02
1.888888888888888840e+00 8.768934931619282169e-01 5.000000000000000278e-02
1.892892892892892753e+00 1.030418801915514493e+00 5.000000000000000278e-02
1.896896896896896889e+00 9.777411353763478807e-01 5.000000000000000278e-02
1.900900900900901025e+00 9.431334937691863152e-01 5.000000000000000278e-02
1.904904904904904939e+00 9.564004207881370290e-01 5.000000000000000278e-02
1.908908908908908852e+00 9.292886635323113209e-01 5.000000000000000278e-02
1.912912912912912766e+00 1.015717787199389877e+00 5.000000000000000278e-02
1.916916916916916902e+00 9.532357006737560701e-01 5.000000000000000278e-02
1.920920920920921038e+00 9.669348756720650417e-01 5.000000000000000278e-02
1.924924924924924952e+00 9.987300047089316957e-01 5.000000000000000278e-02
1.928928928928928865e+00 8.476274978295809115e-01 5.000000000000000278e-02
1.932932932932932779e+00 9.393738565889696579e-01 5.000000000000000278e-02
1.936936936936936915e+00 9.479517304322709892e-01 5.000000000000000278e-02
1.940940940940941051e+00 9.435343255818687824e-01 5.000000000000000278e-02
1.944944944944944965e+00 9.467620726072355497e-01 5.000000000000000278e-02
1.948948948948948878e+00 1.039935998332284894e+00 5.000000000000000278e-02
1.952952952952952792e+00 8.912982476672751675e-01 5.000000000000000278e-02
1.956956956956956928e+00 1.016102183523065916e+00 5.000000000000000278e-02
1.960960960960961064e+00 8.092060549523838464e-01 5.000000000000000278e-02
1.964964964964964977e+00 9.188059793125900043e-01 5.000000000000000278e-02
1.968968968968968891e+00 9.146754612062331091e-01 5.000000000000000278e-02
1.972972972972972805e+00 8.982366363387895847e-01 5.000000000000000278e-02
1.976976976976976941e+00 9.363395001423308051e-01 5.000000000000000278e-02
1.980980980980981077e+00 9.838416333589914409e-01 5.000000000000000278e-02
1.984984984984984990e+00 1.016871750428270937e+00 5.000000000000000278e-02
1.988988988988988904e+00 9.961256915684012503e-01 5.000000000000000278e-02
1.992992992992993040e+00 9.240251344566644542e-01 5.000000000000000278e-02
1.996996996996996954e+00 9.201451206570733232e-01 5.000000000000000278e-02
2.001001001001001089e+00 9.324502761728494793e-01 5.000000000000000278e-02
2.005005005005005003e+00 8.839423557653204311e-01 5.000000000000000278e-02
2.009009009009008917e+00 8.331468302525096847e-01 5.000000000000000278e-02
2.013013013013012831e+00 8.956144965628292098e-01 5.000000000000000278e-02
2.017017017017017189e+00 9.951145889767937236e-01 5.000000000000000278e-02
2.021021021021021102e+00 8.768852271463026815e-01 5.000000000000000278e-02
2.025025025025025016e+00 8.636052428731975095e-01 5.000000000000000278e-02
2.029029029029028930e+00 9.120414075429685852e-01 5.000000000000000278e-02
2.033033033033032844e+00 8.062119250638302148e-01 5.000000000000000278e-02
2.037037037037037202e+00 8.884242964420755451e-01 5.000000000000000278e-02
2.041041041041041115e+00 9.145158928941790055e-01 5.000000000000000278e-02
2.045045045045045029e+00 8.837246011916258803e-01 5.000000000000000278e-02
2.049049049049048943e+00 9.449316185013095781e-01 5.000000000000000278e-02
2.053053053053052857e+00 9.165677008590712438e-01 5.000000000000000278e-02
2.057057057057057214e+00 9.065581546539148716e-01 5.000000000000000278e-02
2.061061061061061128e+00 8.902799843530333490e-01 5.000000000000000278e-02
2.065065065065065042e+00 8.268619848593575794e-01 5.000000000000000278e-02
2.069069069069068956e+00 8.255141930047101839e-01 5.000000000000000278e-02
2.073073073073072869e+00 7.974793303470673056e-01 5.000000000000000278e-02
2.077077077077077227e+00 8.507841571905399025e-01 5.000000000000000278e-02
2.081081081081081141e+00 8.692201316351089169e-01 5.000000000000000278e-02
2.085085085085085055e+00 9.062029089080764210e-01 5.000000000000000278e-02
2.089089089089088969e+00 9.046700709429752463e-01 5.000000000000000278e-02
2.093093093093092882e+00 8.351253295480298711e-01 5.000000000000000278e-02
2.097097097097097240e+00 9.234614210810100365e-01 5.000000000000000278e-02
2.101101101101101154e+00 8.080000502384325767e-01 5.000000000000000278e-02
2.105105105105105068e+00 8.595226523588306300e-01 5.000000000000000278e-02
2.109109109109109426e+00 7.877155838423119949e-01 5.000000000000000278e-02
2.113113113113112895e+00 7.781728695444912747e-01 5.000000000000000278e-02
2.117117117117117253e+00 7.522037961535552597e-01 5.000000000000000278e-02
2.121121121121121167e+00 9.174614300033169245e-01 5.000000000000000278e-02
2.125125125125125081e+00 7.997775371991060478e-01 5.000000000000000278e-02
2.129129129129129439e+00 8.354111903933071348e-01 5.000000000000000278e-02
2.133133133133132908e+00 8.086137964540457412e-01 5.000000000000000278e-02
2.137137137137137266e+00 8.198437789678704180e-01 5.000000000000000278e-02
2.141141141141141180e+00 9.125480514944284138e-01 5.000000000000000278e-02
2.145145145145145094e+00 8.609852004381886026e-01 5.000000000000000278e-02
2.149149149149149451e+00 8.797466454704204741e-01 5.000000000000000278e-02
2.153153153153152921e+00 8.358909162107320823e-01 5.000000000000000278e-02
2.157157157157157279e+00 8.098115499834117603e-01 5.000000000000000278e-02
2.161161161161161193e+00 8.031708353363519182e-01 5.000000000000000278e-02
2.165165165165165106e+00 8.984379830116759891e-01 5.000000000000000278e-02
2.169169169169169464e+00 7.646133044901471942e-01 5.000000000000000278e-02
2.173173173173172934e+00 8.474849421786760928e-01 5.000000000000000278e-02
2.177177177177177292e+00 8.436253444090199283e-01 5.000000000000000278e-02
2.181181181181181206e+00 8.293389822838430625e-01 5.000000000000000278e-02
2.185185185185185119e+00 8.838485423351946091e-01 5.000000000000000278e-02
2.189189189189189477e+00 8.144793697508202479e-01 5.000000000000000278e-02
2.193193193193192947e+00 7.278632866041436777e-01 5.000000000000000278e-02
2.197197197197197305e+00 7.493659812818794785e-01 5.000000000000000278e-02
2.201201201201201219e+00 8.380417705301163034e-01 5.000000000000000278e-02
2.205205205205205132e+00 8.782385281553704015e-01 5.000000000000000278e-02
2.209209209209209490e+00 8.414131861129129364e-01 5.000000000000000278e-02
2.213213213213212960e+00 7.353111329627074477e-01 5.000000000000000278e-02
2.217217217217217318e+00 7.084995898954088434e-01 5.000000000000000278e-02
2.221221221221221231e+00 7.069161153409975196e-01 5.000000000000000278e-02
2.225225225225225145e+00 7.393467657505730095e-01 5.000000000000000278e-02
2.229229229229229503e+00 7.045417003856471183e-01 5.000000000000000278e-02
2.233233233233232973e+00 7.864808496967687912e-01 5.000000000000000278e-02
2.237237237237237331e+00 7.337150021115861342e-01 5.000000000000000278e-02
2.241241241241241244e+00 7.086671030041159502e-01 5.000000000000000278e-02
2.245245245245245158e+00 7.397060543210528527e-01 5.000000000000000278e-02
2.249249249249249516e+00 7.478038398171126255e-01 5.000000000000000278e-02
2.253253253253252986e+00 7.126737727381238230e-01 5.000000000000000278e-02
2.257257257257257343e+00 7.244970010252649306e-01 5.000000000000000278e-02
2.261261261261261257e+00 7.333330201797175762e-01 5.000000000000000278e-02
2.265265265265265171e+00 7.210853460014614580e-01 5.000000000000000278e-02
2.269269269269269529e+00 8.223803435126819661e-01 5.000000000000000278e-02
2.273273273273272999e+00 7.051918839259326832e-01 5.000000000000000278e-02
2.277277277277277356e+00 7.211619391442618543e-01 5.000000000000000278e-02
2.281281281281281270e+00 6.568204332992537697e-01 5.000000000000000278e-02
2.285285285285285184e+00 6.462015890980405963e-01 5.000000000000000278e-02
2.289289289289289542e+00 6.508285858971672999e-01 5.000000000000000278e-02
2.293293293293293011e+00 7.187266653114591231e-01 5.000000000000000278e-02
2.297297297297297369e+00 7.732407306172343064e-01 5.000000000000000278e-02
2.301301301301301283e+00 7.063104751641938739e-01 5.000000000000000278e-02
2.305305305305305197e+00 7.191789704188232824e-01 5.000000000000000278e-02
2.309309309309309555e+00 6.960858657158366380e-01 5.000000000000000278e-02
2.313313313313313024e+00 6.043373944346338567e-01 5.000000000000000278e-02
2.317317317317317382e+00 6.203151277644045614e-01 5.000000000000000278e-02
2.321321321321321296e+00 7.443229600794400991e-01 5.000000000000000278e-02
2.325325325325325210e+00 7.232423832122231167e-01 5.000000000000000278e-02
2.329329329329329568e+00 6.628687604349263740e-01 5.000000000000000278e-02
2.333333333333333037e+00 6.971341757528795036e-01 5.000000000000000278e-02
2.337337337337337395e+00 7.123837781260041746e-01 5.000000000000000278e-02
2.341341341341341309e+00 6.427929038048318944e-01 5.000000000000000278e-02
2.345345345345345223e+00 6.724124620153568710e-01 5.000000000000000278e-02
2.349349349349349581e+00 6.880914345759833184e-01 5.000000000000000278e-02
2.353353353353353050e+00 6.221078917174505118e-01 5.000000000000000278e-02
2.357357357357357408e+00 6.820289844030230642e-01 5.000000000000000278e-02
2.361361361361361322e+00 6.127736129001672971e-01 5.000000000000000278e-02
2.365365365365365236e+00 6.440601036164376181e-01 5.000000000000000278e-02
2.369369369369369593e+00 6.512708571046093020e-01 5.000000000000000278e-02
2.373373373373373063e+00 6.771031653007942852e-01 5.000000000000000278e-02
2.377377377377377421e+00 6.219969100300173359e-01 5.000000000000000278e-02
2.381381381381381335e+00 6.721086851053899025e-01 5.000000000000000278e-02
2.385385385385385248e+00 6.520564149309792112e-01 5.000000000000000278e-02
2.389389389389389606e+00 6.479568388489492792e-01 5.000000000000000278e-02
2.393393393393393076e+00 6.526405927602142443e-01 5.000000000000000278e-02
2.397397397397397434e+00 6.632725421468704807e-01 5.000000000000000278e-02
2.401401401401401348e+00 6.654182394788895616e-01 5.000000000000000278e-02
2.405405405405405261e+00 5.603224715868628802e-01 5.000000000000000278e-02
2.409409409409409619e+00 6.328776061398964092e-01 5.000000000000000278e-02
2.413413413413413089e+00 6.254710824509777112e-01 5.000000000000000278e-02
2.417417417417417447e+00 7.542814864141542675e-01 5.000000000000000278e-02
2.421421421421421361e+00 6.046932469302188640e-01 5.000000000000000278e-02
2.425425425425425274e+00 5.672315350972346737e-01 5.000000000000000278e-02
2.429429429429429632e+00 6.927313301618809316e-01 5.000000000000000278e-02
2.433433433433433102e+00 6.451667664046014661e-01 5.000000000000000278e-02
2.437437437437437460e+00 6.777825567941563323e-01 5.000000000000000278e-02
2.441441441441441373e+00 5.345148877630807593e-01 5.000000000000000278e-02
2.445445445445445287e+00 6.236479919793442850e-01 5.000000000000000278e-02
2.449449449449449645e+00 6.547288100903911889e-01 5.000000000000000278e-02
2.453453453453453115e+00 5.169960717386246074e-01 5.000000000000000278e-02
2.457457457457457473e+00 6.204556963306705475e-01 5.000000000000000278e-02
2.461461461461461386e+00 5.849387323000089234e-01 5.000000000000000278e-02
2.465465465465465300e+00 5.776164717588382347e-01 5.000000000000000278e-02
2.469469469469469658e+00 6.154540658908328465e-01 5.000000000000000278e-02
2.473473473473473572e+00 7.184428926617328903e-01 5.000000000000000278e-02
2.477477477477477485e+00 5.986162915097232862e-01 5.000000000000000278e-02
2.481481481481481399e+00 5.932940356170395280e-01 5.000000000000000278e-02
2.485485485485485313e+00 6.293597330477711527e-01 5.000000000000000278e-02
2.489489489489489671e+00 6.022727613376948064e-01 5.000000000000000278e-02
2.493493493493493585e+00 6.447650783369257566e-01 5.000000000000000278e-02
2.497497497497497498e+00 6.979381498062778855e-01 5.000000000000000278e-02
2.501501501501501412e+00 4.700321955405507568e-01 5.000000000000000278e-02
2.505505505505505326e+00 6.315796573856601315e-01 5.000000000000000278e-02
2.509509509509509684e+00 5.441529531338114012e-01 5.000000000000000278e-02
2.513513513513513598e+00 6.197102713687479003e-01 5.000000000000000278e-02
2.517517517517517511e+00 6.470627358374921867e-01 5.000000000000000278e-02
2.521521521521521425e+00 6.290185840373033743e-01 5.000000000000000278e-02
2.525525525525525339e+00 5.739807022803641301e-01 5.000000000000000278e-02
2.529529529529529697e+00 5.606886153866990075e-01 5.000000000000000278e-02
2.533533533533533610e+00 6.752108654764088502e-01 5.000000000000000278e-02
2.537537537537537524e+00 5.504259890261852251e-01 5.000000000000000278e-02
2.541541541541541438e+00 6.080380255847710469e-01 5.000000000000000278e-02
2.545545545545545352e+00 5.010405989131346827e-01 5.000000000000000278e-02
2.549549549549549710e+00 6.144620289308359018e-01 5.000000000000000278e-02
2.553553553553553623e+00 5.108305327666111673e-01 5.000000000000000278e-02
2.557557557557557537e+00 5.387004020109595892e-01 5.000000000000000278e-02
2.561561561561561451e+00 6.157704611696898089e-01 5.000000000000000278e-02
2.565565565565565365e+00 6.224133961674789273e-01 5.000000000000000278e-02
2.569569569569569722e+00 5.990188540736071099e-01 5.000000000000000278e-02
2.573573573573573636e+00 5.518300115882732726e-01 5.000000000000000278e-02
2.577577577577577550e+00 6.809821743108770420e-01 5.000000000000000278e-02
2.581581581581581464e+00 5.753733687383230100e-01 5.000000000000000278e-02
2.585585585585585378e+00 6.768286018334741527e-01 5.000000000000000278e-02
2.589589589589589735e+00 6.128030147979843800e-01 5.000000000000000278e-02
2.593593593593593649e+00 6.347270754825180550e-01 5.000000000000000278e-02
2.597597597597597563e+00 6.006385785091477025e-01 5.000000000000000278e-02
2.601601601601601477e+00 6.417115104116364321e-01 5.000000000000000278e-02
2.605605605605605390e+00 6.541709222295425397e-01 5.000000000000000278e-02
2.609609609609609748e+00 5.514931575023241939e-01 5.000000000000000278e-02
2.613613613613613662e+00 5.581636171482063924e-01 5.000000000000000278e-02
2.617617617617617576e+00 5.332763868938477092e-01 5.000000000000000278e-02
2.621621621621621934e+00 6.276058133043213028e-01 5.000000000000000278e-02
2.625625625625625403e+00 5.921627942976755987e-01 5.000000000000000278e-02
2.629629629629629761e+00 6.513220001294917072e-01 5.000000000000000278e-02
2.633633633633633675e+00 6.296656674091336559e-01 5.000000000000000278e-02
2.637637637637637589e+00 6.846733665740029062e-01 5.000000000000000278e-02
2.641641641641641947e+00 6.466922375014699798e-01 5.000000000000000278e-02
2.645645645645645416e+00 5.590089652764070882e-01 5.000000000000000278e-02
2.649649649649649774e+00 6.729467630256780186e-01 5.000000000000000278e-02
2.653653653653653688e+00 5.782034074139532631e-01 5.000000000000000278e-02
2.657657657657657602e+00 6.122645386424222513e-01 5.000000000000000278e-02
2.661661661661661959e+00 6.605186702479644012e-01 5.000000000000000278e-02
2.665665665665665429e+00 6.968735459616473005e-01 5.000000000000000278e-02
2.669669669669669787e+00 6.819881797906816034e-01 5.000000000000000278e-02
2.673673673673673701e+00 6.895006179135162450e-01 5.000000000000000278e-02
2.677677677677677615e+00 6.138027242592245525e-01 5.000000000000000278e-02
2.681681681681681972e+00 6.099775814165776522e-01 5.000000000000000278e-02
2.685685685685685442e+00 7.095594692819255922e-01 5.000000000000000278e-02
2.689689689689689800e+00 5.983290079236571746e-01 5.000000000000000278e-02
2.693693693693693714e+00 6.740127356505355438e-01 5.000000000000000278e-02
2.697697697697697627e+00 6.349062310843854862e-01 5.000000000000000278e-02
2.701701701701701985e+00 6.252978227321390747e-01 5.000000000000000278e-02
2.705705705705705455e+00 6.144022654539479378e-01 5.000000000000000278e-02
2.709709709709709813e+00 7.020244216103300738e-01 5.000000000000000278e-02
2.713713713713713727e+00 6.227013009904310836e-01 5.000000000000000278e-02
2.717717717717717640e+00 6.302586916619705715e-01 5.000000000000000278e-02
2.721721721721721998e+00 6.730604499932009155e-01 5.000000000000000278e-02
2.725725725725725468e+00 6.523258982108056658e-01 5.000000000000000278e-02
2.729729729729729826e+00 6.176834668522616090e-01 5.000000000000000278e-02
2.733733733733733740e+00 7.289497815847203466e-01 5.000000000000000278e-02
2.737737737737737653e+00 6.565912835515842483e-01 5.000000000000000278e-02
2.741741741741742011e+00 6.474062396380866335e-01 5.000000000000000278e-02
2.745745745745745481e+00 7.318019472038566064e-01 5.000000000000000278e-02
2.749749749749749839e+00 6.512769685713943879e-01 5.000000000000000278e-02
2.753753753753753752e+00 6.621662815248375855e-01 5.000000000000000278e-02
2.757757757757757666e+00 6.690500671523974541e-01 5.000000000000000278e-02
2.761761761761762024e+00 7.776976295877726653e-01 5.000000000000000278e-02
2.765765765765765494e+00 7.154033533394067446e-01 5.000000000000000278e-02
2.769769769769769852e+00 7.586164868551100726e-01 5.000000000000000278e-02
2.773773773773773765e+00 7.303553328625561614e-01 5.000000000000000278e-02
2.777777777777777679e+00 7.459097290253884349e-01 5.000000000000000278e-02
2.781781781781782037e+00 8.123240887063165605e-01 5.000000000000000278e-02
2.785785785785785507e+00 7.549088707251414565e-01 5.000000000000000278e-02
2.789789789789789864e+00 6.750267415039981067e-01 5.000000000000000278e-02
2.793793793793793778e+00 7.435543679914251580e-01 5.000000000000000278e-02
2.797797797797797692e+00 7.186973400161185133e-01 5.000000000000000278e-02
2.801801801801802050e+00 7.134119860066959751e-01 5.000000000000000278e-02
2.805805805805805520e+00 6.939274826637469307e-01 5.000000000000000278e-02
2.809809809809809877e+00 7.061743154982853543e-01 5.000000000000000278e-02
2.813813813813813791e+00 7.248237456562106606e-01 5.000000000000000278e-02
2.817817817817817705e+00 6.644405465819817058e-01 5.000000000000000278e-02
2.821821821821822063e+00 7.282163689320914068e-01 5.000000000000000278e-02
2.825825825825825532e+00 7.777723324734033827e-01 5.000000000000000278e-02
2.829829829829829890e+00 6.781764250962115659e-01 5.000000000000000278e-02
2.833833833833833804e+00 7.860261028243989978e-01 5.000000000000000278e-02
2.837837837837837718e+00 7.074398772385709355e-01 5.000000000000000278e-02
2.841841841841842076e+00 8.228181086180360593e-01 5.000000000000000278e-02
2.845845845845845545e+00 8.546500592391454987e-01 5.000000000000000278e-02
2.849849849849849903e+00 6.762857443041976335e-01 5.000000000000000278e-02
2.853853853853853817e+00 7.311914654983060480e-01 5.000000000000000278e-02
2.857857857857857731e+00 7.178596922957750648e-01 5.000000000000000278e-02
2.861861861861862089e+00 8.316531350034586101e-01 5.000000000000000278e-02
2.865865865865865558e+00 7.388130043377246770e-01 5.000000000000000278e-02
2.869869869869869916e+00 8.643834183454965903e-01 5.000000000000000278e-02
2.873873873873873830e+00 6.959574977158684561e-01 5.000000000000000278e-02
2.877877877877877744e+00 6.965974284271339023e-01 5.000000000000000278e-02
2.881881881881882101e+00 7.343268581108334248e-01 5.000000000000000278e-02
2.885885885885885571e+00 8.208663340315043300e-01 5.000000000000000278e-02
2.889889889889889929e+00 8.263052140836975035e-01 5.000000000000000278e-02
2.893893893893893843e+00 7.874773742957252853e-01 5.000000000000000278e-02
2.897897897897897757e+00 8.077958947653952615e-01 5.000000000000000278e-02
2.901901901901902114e+00 8.162216942655601271e-01 5.000000000000000278e-02
2.905905905905905584e+00 7.592685793762822266e-01 5.000000000000000278e-02
2.909909909909909942e+00 7.192074886324959504e-01 5.000000000000000278e-02
2.913913913913913856e+00 8.036001007229733872e-01 5.000000000000000278e-02
2.917917917917917769e+00 7.668284352199060683e-01 5.000000000000000278e-02
2.921921921921922127e+00 6.914271929638725611e-01 5.000000000000000278e-02
2.925925925925925597e+00 7.364485714534897420e-01 5.000000000000000278e-02
2.929929929929929955e+00 7.541332150284691949e-01 5.000000000000000278e-02
2.933933933933933869e+00 8.789315569736526612e-01 5.000000000000000278e-02
2.937937937937937782e+00 7.983343532155467992e-01 5.000000000000000278e-02
2.941941941941942140e+00 8.270643566916093814e-01 5.000000000000000278e-02
2.945945945945945610e+00 8.861172865259124842e-01 5.000000000000000278e-02
2.949949949949949968e+00 7.588065540886934635e-01 5.000000000000000278e-02
2.953953953953953881e+00 7.718498641285362893e-01 5.000000000000000278e-02
2.957957957957957795e+00 8.757963984130950896e-01 5.000000000000000278e-02
2.961961961961962153e+00 7.853054658935083587e-01 5.000000000000000278e-02
2.965965965965965623e+00 8.760620793999593925e-01 5.000000000000000278e-02
2.969969969969969981e+00 8.827459550859189097e-01 5.000000000000000278e-02
2.973973973973973894e+00 8.376707204667614981e-01 5.000000000000000278e-02
2.977977977977977808e+00 7.881231688468746110e-01 5.000000000000000278e-02
2.981981981981982166e+00 9.165735885992986054e-01 5.000000000000000278e-02
2.985985985985986080e+00 9.054351591784247644e-01 5.000000000000000278e-02
2.989989989989989994e+00 7.920230262593683790e-01 5.000000000000000278e-02
2.993993993993993907e+00 8.860103627286725070e-01 5.000000000000000278e-02
2.997997997997997821e+00 8.793816095224771257e-01 5.000000000000000278e-02
3.002002002002002179e+00 8.349425173545657053e-01 5.000000000000000278e-02
3.006006006006006093e+00 7.777326184597167513e-01 5.000000000000000278e-02
3.010010010010010006e+00 8.480960700195587787e-01 5.000000000000000278e-02
3.014014014014013920e+00 7.996085900263599777e-01 5.000000000000000278e-02
3.018018018018017834e+00 8.110982931708863308e-01 5.000000000000000278e-02
3.022022022022022192e+00 9.616487145148734372e-01 5.000000000000000278e-02
3.026026026026026106e+00 8.885318405972072453e-01 5.000000000000000278e-02
3.030030030030030019e+00 9.112054651216392465e-01 5.000000000000000278e-02
3.034034034034033933e+00 7.950345736553146025e-01 5.000000000000000278e-02
3.038038038038037847e+00 9.380686521235491737e-01 5.000000000000000278e-02
3.042042042042042205e+00 8.230415573929628081e-01 5.000000000000000278e-02
3.046046046046046119e+00 8.952421058898260009e-01 5.000000000000000278e-02
3.050050050050050032e+00 7.680347720375719778e-01 5.000000000000000278e-02
3.054054054054053946e+00 9.340609524944329944e-01 5.000000000000000278e-02
3.058058058058057860e+00 9.123050601959610262e-01 5.000000000000000278e-02
3.062062062062062218e+00 8.934767139857962004e-01 5.000000000000000278e-02
3.066066066066066131e+00 8.460086286810764022e-01 5.000000000000000278e-02
3.070070070070070045e+00 9.520994974277160461e-01 5.000000000000000278e-02
3.074074074074073959e+00 9.185437587242945012e-01 5.000000000000000278e-02
3.078078078078077873e+00 9.726957734323214977e-01 5.000000000000000278e-02
3.082082082082082231e+00 9.098565246038211596e-01 5.000000000000000278e-02
3.086086086086086144e+00 8.746237993030201441e-01 5.000000000000000278e-02
3.090090090090090058e+00 9.922236086796500931e-01 5.000000000000000278e-02
3.094094094094093972e+00 9.187498956539348338e-01 5.000000000000000278e-02
3.098098098098097886e+00 9.272807192523730979e-01 5.000000000000000278e-02
3.102102102102102243e+00 9.201686655875360721e-01 5.000000000000000278e-02
3.106106106106106157e+00 1.003256178955730382e+00 5.000000000000000278e-02
3.110110110110110071e+00 9.704762246683588112e-01 5.000000000000000278e-02
3.114114114114113985e+00 9.145087031428190683e-01 5.000000000000000278e-02
3.118118118118117899e+00 9.506176645946950998e-01 5.000000000000000278e-02
3.122122122122122256e+00 8.708856175707782032e-01 5.000000000000000278e-02
3.126126126126126170e+00 9.365754987882184412e-01 5.000000000000000278e-02
3.130130130130130084e+00 9.582662878446506216e-01 5.000000000000000278e-02
3.134134134134133998e+00 9.586193249669914263e-01 5.000000000000000278e-02
3.138138138138137911e+00 9.628271246101307579e-01 5.000000000000000278e-02
3.142142142142142269e+00 8.906404267422664001e-01 5.000000000000000278e-02
3.146146146146146183e+00 9.229831949304313499e-01 5.000000000000000278e-02
3.150150150150150097e+00 9.379775824113104621e-01 5.000000000000000278e-02
3.154154154154154011e+00 9.117906829191241291e-01 5.000000000000000278e-02
3.158158158158157924e+00 8.865870529420296631e-01 5.000000000000000278e-02
3.162162162162162282e+00 9.405286035861546434e-01 5.000000000000000278e-02
3.166166166166166196e+00 8.616354679636389902e-01 5.000000000000000278e-02
3.170170170170170110e+00 8.747621402509958566e-01 5.000000000000000278e-02
3.174174174174174023e+00 9.880748277415916103e-01 5.000000000000000278e-02
3.178178178178177937e+00 9.649402794677994777e-01 5.000000000000000278e-02
3.182182182182182295e+00 9.017725930085828123e-01 5.000000000000000278e-02
3.186186186186186209e+00 9.785780759828633935e-01 5.000000000000000278e-02
3.190190190190190123e+00 9.577571527413255570e-01 5.000000000000000278e-02
3.194194194194194036e+00 8.992375502996423631e-01 5.000000000000000278e-02
3.198198198198198394e+00 9.730933296570724034e-01 5.000000000000000278e-02
3.202202202202202308e+00 1.018204935629749786e+00 5.000000000000000278e-02
3.206206206206206222e+00 9.606958350933735291e-01 5.000000000000000278e-02
3.210210210210210136e+00 9.234691530765823941e-01 5.000000000000000278e-02
3.214214214214214049e+00 9.489250635279241619e-01 5.000000000000000278e-02
3.218218218218218407e+00 1.046293203171191344e+00 5.000000000000000278e-02
3.222222222222222321e+00 9.027918826097348637e-01 5.000000000000000278e-02
3.226226226226226235e+00 9.961546078850289643e-01 5.000000000000000278e-02
3.230230230230230148e+00 9.808642464084837975e-01 5.000000000000000278e-02
3.234234234234234062e+00 9.363410061806130003e-01 5.000000000000000278e-02
3.238238238238238420e+00 9.788212564172625862e-01 5.000000000000000278e-02
3.242242242242242334e+00 9.337128498844809998e-01 5.000000000000000278e-02
3.246246246246246248e+00 8.951643310009842480e-01 5.000000000000000278e-02
3.250250250250250161e+00 1.061447393375039461e+00 5.000000000000000278e-02
3.254254254254254075e+00 9.919351807836468415e-01 5.000000000000000278e-02
3.258258258258258433e+00 1.016039423337748993e+00 5.000000000000000278e-02
3.262262262262262347e+00 9.572243683373562462e-01 5.000000000000000278e-02
3.266266266266266260e+00 9.957156439567592665e-01 5.000000000000000278e-02
3.270270270270270174e+00 1.006661393273870830e+00 5.000000000000000278e-02
3.274274274274274088e+00 1.036266195343821028e+00 5.000000000000000278e-02
3.278278278278278446e+00 9.485427180766788924e-01 5.000000000000000278e-02
3.282282282282282360e+00 9.024492207109903186e-01 5.000000000000000278e-02
3.286286286286286273e+00 9.519774163899363817e-01 5.000000000000000278e-02
3.290290290290290187e+00 1.025881620814157902e+00 5.000000000000000278e-02
3.294294294294294101e+00 1.050908088122205042e+00 5.000000000000000278e-02
3.298298298298298459e+00 1.027796818471877760e+00 5.000000000000000278e-02
3.302302302302302373e+00 9.824430296353874326e-01 5.000000000000000278e-02
3.306306306306306286e+00 1.026883454669668350e+00 5.000000000000000278e-02
3.310310310310310200e+00 9.864213863285093975e-01 5.000000000000000278e-02
3.314314314314314114e+00 9.283455517726225681e-01 5.000000000000000278e-02
3.318318318318318472e+00 9.683329042329870129e-01 5.000000000000000278e-02
3.322322322322322385e+00 9.987927897786126330e-01 5.000000000000000278e-02
3.326326326326326299e+00 1.005609098280780600e+00 5.000000000000000278e-02
3.330330330330330213e+00 9.795717448857647058e-01 5.000000000000000278e-02
3.334334334334334127e+00 1.006764245718827944e+00 5.000000000000000278e-02
3.338338338338338485e+00 9.818051915493094528e-01 5.000000000000000278e-02
3.342342342342342398e+00 1.019235428365871332e+00 5.000000000000000278e-02
3.346346346346346312e+00 1.037036821688973376e+00 5.000000000000000278e-02
3.350350350350350226e+00 1.027023308309918503e+00 5.000000000000000278e-02
3.354354354354354140e+00 9.201309937178503429e-01 5.000000000000000278e-02
3.358358358358358497e+00 9.833712204945326274e-01 5.000000000000000278e-02
3.362362362362362411e+00 1.025201698499659697e+00 5.000000000000000278e-02
3.366366366366366325e+00 9.077172139710144583e-01 5.000000000000000278e-02
3.370370370370370239e+00 9.975314760874147701e-01 5.000000000000000278e-02
3.374374374374374153e+00 1.004359574283735013e+00 5.000000000000000278e-02
3.378378378378378510e+00 9.136449771770742689e-01 5.000000000000000278e-02
3.382382382382382424e+00 1.014868050488143325e+00 5.000000000000000278e-02
3.386386386386386338e+00 1.041666590926938474e+00 5.000000000000000278e-02
3.390390390390390252e+00 9.099294247899341048e-01 5.000000000000000278e-02
3.394394394394394165e+00 8.780439470187941797e-01 5.000000000000000278e-02
3.398398398398398523e+00 1.019958605608007884e+00 5.000000000000000278e-02
3.402402402402402437e+00 9.726380237299473430e-01 5.000000000000000278e-02
3.406406406406406351e+00 1.027279705845078439e+00 5.000000000000000278e-02
3.410410410410410265e+00 9.508847302413064861e-01 5.000000000000000278e-02
3.414414414414414178e+00 9.903594941921626260e-01 5.000000000000000278e-02
3.418418418418418536e+00 9.237346817345426508e-01 5.000000000000000278e-02
3.422422422422422450e+00 8.780464612689907744e-01 5.000000000000000278e-02
3.426426426426426364e+00 1.052955948312412016e+00 5.000000000000000278e-02
3.430430430430430278e+00 9.176206068690522244e-01 5.000000000000000278e-02
3.434434434434434635e+00 1.045196407101935510e+00 5.000000000000000278e-02
3.438438438438438549e+00 9.626551641375720170e-01 5.000000000000000278e-02
3.442442442442442463e+00 9.705771633027228118e-01 5.000000000000000278e-02
3.446446446446446377e+00 9.192820981820070125e-01 5.000000000000000278e-02
3.450450450450450290e+00 9.362124308291596142e-01 5.000000000000000278e-02
3.454454454454454648e+00 9.637344743748224030e-01 5.000000000000000278e-02
3.458458458458458562e+00 9.954273345144735163e-01 5.000000000000000278e-02
3.462462462462462476e+00 9.986668223867122274e-01 5.000000000000000278e-02
3.466466466466466390e+00 9.635042367382818940e-01 5.000000000000000278e-02
3.470470470470470303e+00 1.094125862183654263e+00 5.000000000000000278e-02
3.474474474474474661e+00 1.010887368928315766e+00 5.000000000000000278e-02
3.478478478478478575e+00 1.043727345669158035e+00 5.000000000000000278e-02
3.482482482482482489e+00 9.745512568941150366e-01 5.000000000000000278e-02
3.486486486486486402e+00 1.042994648533928759e+00 5.000000000000000278e-02
3.490490490490490316e+00 1.017527221389906700e+00 5.000000000000000278e-02
3.494494494494494674e+00 9.700746492913876473e-01 5.000000000000000278e-02
3.498498498498498588e+00 1.096544786087294332e+00 5.000000000000000278e-02
3.502502502502502502e+00 1.003455749241993988e+00 5.000000000000000278e-02
3.506506506506506415e+00 9.450653614010284809e-01 5.000000000000000278e-02
3.510510510510510329e+00 9.826475789317221654e-01 5.000000000000000278e-02
3.514514514514514687e+00 1.032684468118590715e+00 5.000000000000000278e-02
3.518518518518518601e+00 1.054801470183870382e+00 5.000000000000000278e-02
3.522522522522522515e+00 9.098700299457199714e-01 5.000000000000000278e-02
3.526526526526526428e+00 1.003777381482979125e+00 5.000000000000000278e-02
3.530530530530530342e+00 1.105909087379873368e+00 5.000000000000000278e-02
3.534534534534534700e+00 9.548340495457317001e-01 5.000000000000000278e-02
3.538538538538538614e+00 9.671072121290059664e-01 5.000000000000000278e-02
3.542542542542542527e+00 9.688915080961054693e-01 5.000000000000000278e-02
3.546546546546546441e+00 9.128230968942359080e-01 5.000000000000000278e-02
3.550550550550550355e+00 9.221509386130023467e-01 5.000000000000000278e-02
3.554554554554554713e+00 1.028694370769855704e+00 5.000000000000000278e-02
3.558558558558558627e+00 9.534042204204605797e-01 5.000000000000000278e-02
3.562562562562562540e+00 1.030680530154315599e+00 5.000000000000000278e-02
3.566566566566566454e+00 1.021323464907803347e+00 5.000000000000000278e-02
3.570570570570570368e+00 9.663829669547591150e-01 5.000000000000000278e-02
3.574574574574574726e+00 1.072219718944652067e+00 5.000000000000000278e-02
3.578578578578578639e+00 9.727546362040474515e-01 5.000000000000000278e-02
3.582582582582582553e+00 9.761227977243701615e-01 5.000000000000000278e-02
3.586586586586586467e+00 9.194615271851855898e-01 5.000000000000000278e-02
3.590590590590590381e+00 1.014018581248401274e+00 5.000000000000000278e-02
3.594594594594594739e+00 1.008536041822895468e+00 5.000000000000000278e-02
3.598598598598598652e+00 8.570050180231851833e-01 5.000000000000000278e-02
3.602602602602602566e+00 1.003137902303485651e+00 5.000000000000000278e-02
3.606606606606606480e+00 9.967865157867737969e-01 5.000000000000000278e-02
3.610610610610610394e+00 9.756247067258611017e-01 5.000000000000000278e-02
3.614614614614614752e+00 1.065361652358367328e+00 5.000000000000000278e-02
3.618618618618618665e+00 9.816898254414230252e-01 5.000000000000000278e-02
3.622622622622622579e+00 1.031768082611573600e+00 5.000000000000000278e-02
3.626626626626626493e+00 9.786489699477473048e-01 5.000000000000000278e-02
3.630630630630630407e+00 9.199037066341321234e-01 5.000000000000000278e-02
3.634634634634634764e+00 1.090170252551868613e+00 5.000000000000000278e-02
3.638638638638638678e+00 9.864984364612687795e-01 5.000000000000000278e-02
3.642642642642642592e+00 1.017687857151792219e+00 5.000000000000000278e-02
3.646646646646646506e+00 9.687260500090483228e-01 5.000000000000000278e-02
3.650650650650650419e+00 1.002972573837370707e+00 5.000000000000000278e-02
3.654654654654654777e+00 1.004570631728021191e+00 5.000000000000000278e-02
3.658658658658658691e+00 1.063201772905705056e+00 5.000000000000000278e-02
3.662662662662662605e+00 9.616600904685714823e-01 5.000000000000000278e-02
3.666666666666666519e+00 1.092005308340285641e+00 5.000000000000000278e-02
3.670670670670670432e+00 9.462644207960374532e-01 5.000000000000000278e-02
3.674674674674674790e+00 9.646527829739893756e-01 5.000000000000000278e-02
3.678678678678678704e+00 9.447146224298735850e-01 5.000000000000000278e-02
3.682682682682682618e+00 9.359942469189939107e-01 5.000000000000000278e-02
3.686686686686686532e+00 1.006312976866259312e+00 5.000000000000000278e-02
3.690690690690690445e+00 9.224255244614352200e-01 5.000000000000000278e-02
3.694694694694694803e+00 9.445991067193135748e-01 5.000000000000000278e-02
3.698698698698698717e+00 1.003244255267092377e+00 5.000000000000000278e-02
3.702702702702702631e+00 9.280104871468979333e-01 5.000000000000000278e-02
3.706706706706706544e+00 9.432106934667362497e-01 5.000000000000000278e-02
3.710710710710710902e+00 9.672873468749538794e-01 5.000000000000000278e-02
3.714714714714714816e+00 1.007415358826167839e+00 5.000000000000000278e-02
3.718718718718718730e+00 9.823505981190848724e-01 5.000000000000000278e-02
3.722722722722722644e+00 9.697128302889946871e-01 5.000000000000000278e-02
3.726726726726726557e+00 9.576879150589940881e-01 5.000000000000000278e-02
3.730730730730730915e+00 9.730857955099041501e-01 5.000000000000000278e-02
3.734734734734734829e+00 9.764760463743026309e-01 5.000000000000000278e-02
3.738738738738738743e+00 9.904387909225730313e-01 5.000000000000000278e-02
3.742742742742742657e+00 9.599436969450371171e-01 5.000000000000000278e-02
3.746746746746746570e+00 1.025374502066714655e+00 5.000000000000000278e-02
3.750750750750750928e+00 9.305951392777160880e-01 5.000000000000000278e-02
3.754754754754754842e+00 9.107927176534097446e-01 5.000000000000000278e-02
3.758758758758758756e+00 9.471324694277349909e-01 5.000000000000000278e-02
3.762762762762762669e+00 1.010145141350065945e+00 5.000000000000000278e-02
3.766766766766766583e+00 1.069753835481633164e+00 5.000000000000000278e-02
3.770770770770770941e+00 1.004874360251838405e+00 5.000000000000000278e-02
3.774774774774774855e+00 8.966946748428752390e-01 5.000000000000000278e-02
3.778778778778778769e+00 1.010037715158175642e+00 5.000000000000000278e-02
3.782782782782782682e+00 8.983039508314476507e-01 5.000000000000000278e-02
3.786786786786786596e+00 1.037557807167492019e+00 5.000000000000000278e-02
3.790790790790790954e+00 9.525581142000731916e-01 5.000000000000000278e-02
3.794794794794794868e+00 9.741967442661012555e-01 5.000000000000000278e-02
3.798798798798798781e+00 9.835175831207092489e-01 5.000000000000000278e-02
3.802802802802802695e+00 1.066903344753928451e+00 5.000000000000000278e-02
3.806806806806806609e+00 9.319733370381868554e-01 5.000000000000000278e-02
3.810810810810810967e+00 1.031329868390248317e+00 5.000000000000000278e-02
3.814814814814814881e+00 9.541400425387814854e-01 5.000000000000000278e-02
3.818818818818818794e+00 9.662677446999761166e-01 5.000000000000000278e-02
3.822822822822822708e+00 8.776880713473351747e-01 5.000000000000000278e-02
3.826826826826826622e+00 9.397704783606720680e-01 5.000000000000000278e-02
3.830830830830830980e+00 1.014204257922332486e+00 5.000000000000000278e-02
3.834834834834834894e+00 9.208525638480681286e-01 5.000000000000000278e-02
3.838838838838838807e+00 8.356140663768347743e-01 5.000000000000000278e-02
3.842842842842842721e+00 9.257656051485392279e-01 5.000000000000000278e-02
3.846846846846846635e+00 8.841348680233590551e-01 5.000000000000000278e-02
3.850850850850850993e+00 9.625594705380905447e-01 5.000000000000000278e-02
3.854854854854854906e+00 9.391614907569738602e-01 5.000000000000000278e-02
3.858858858858858820e+00 1.001770966990576550e+00 5.000000000000000278e-02
3.862862862862862734e+00 9.353965607264600468e-01 5.000000000000000278e-02
3.866866866866866648e+00 8.834671382127375905e-01 5.000000000000000278e-02
3.870870870870871006e+00 1.043570526465295467e+00 5.000000000000000278e-02
3.874874874874874919e+00 9.393449770125886777e-01 5.000000000000000278e-02
3.878878878878878833e+00 1.020493434338544114e+00 5.000000000000000278e-02
3.882882882882882747e+00 9.325564608880286821e-01 5.000000000000000278e-02
3.886886886886886661e+00 9.910879877320927234e-01 5.000000000000000278e-02
3.890890890890891018e+00 9.285949169259207769e-01 5.000000000000000278e-02
3.894894894894894932e+00 9.624536501191529592e-01 5.000000000000000278e-02
3.898898898898898846e+00 9.209779533138142682e-01 5.000000000000000278e-02
3.902902902902902760e+00 9.030737853919081903e-01 5.000000000000000278e-02
3.906906906906906674e+00 9.237911875757129909e-01 5.000000000000000278e-02
3.910910910910911031e+00 9.476934517389125068e-01 5.000000000000000278e-02
3.914914914914914945e+00 9.074215377621246414e-01 5.000000000000000278e-02
3.918918918918918859e+00 9.531409287971582822e-01 5.000000000000000278e-02
3.922922922922922773e+00 9.670605766770405953e-01 5.000000000000000278e-02
3.926926926926926686e+00 9.329563109995639980e-01 5.000000000000000278e-02
3.930930930930931044e+00 8.053629516793643361e-01 5.000000000000000278e-02
3.934934934934934958e+00 9.222483671900303381e-01 5.000000000000000278e-02
3.938938938938938872e+00 8.702965790848130601e-01 5.000000000000000278e-02
3.942942942942942786e+00 9.039421547288583048e-01 5.000000000000000278e-02
3.946946946946947143e+00 8.963633079651143198e-01 5.000000000000000278e-02
3.950950950950951057e+00 9.079911436027396920e-01 5.000000000000000278e-02
3.954954954954954971e+00 8.641058420799140327e-01 5.000000000000000278e-02
3.958958958958958885e+00 1.050663195924925741e+00 5.000000000000000278e-02
3.962962962962962798e+00 9.624548193522726169e-01 5.000000000000000278e-02
3.966966966966967156e+00 9.244500881552641935e-01 5.000000000000000278e-02
3.970970970970971070e+00 9.489011042253461259e-01 5.000000000000000278e-02
3.974974974974974984e+00 9.006640853386257417e-01 5.000000000000000278e-02
3.978978978978978898e+00 8.732904075102079222e-01 5.000000000000000278e-02
3.982982982982982811e+00 9.347339617988972282e-01 5.000000000000000278e-02
3.986986986986987169e+00 9.581590211157154924e-01 5.000000000000000278e-02
3.990990990990991083e+00 8.266098203598417626e-01 5.000000000000000278e-02
3.994994994994994997e+00 1.002071662264696794e+00 5.000000000000000278e-02
3.998998998998998911e+00 9.000837435734037051e-01 5.000000000000000278e-02
4.003003003003002824e+00 8.760101324529302458e-01 5.000000000000000278e-02
4.007007007007007182e+00 8.640947797226660176e-01 5.000000000000000278e-02
4.011011011011010652e+00 9.177752626793235224e-01 5.000000000000000278e-02
4.015015015015015010e+00 9.515395770249283069e-01 5.000000000000000278e-02
4.019019019019019368e+00 9.329325836845123732e-01 5.000000000000000278e-02
4.023023023023022837e+00 8.062691525886598320e-01 5.000000000000000278e-02
4.027027027027027195e+00 9.435255669666383627e-01 5.000000000000000278e-02
4.031031031031030665e+00 9.346360248294187656e-01 5.000000000000000278e-02
4.035035035035035023e+00 9.434663797271022334e-01 5.000000000000000278e-02
4.039039039039039380e+00 8.296124494256940096e-01 5.000000000000000278e-02
4.043043043043042850e+00 9.142220743802947913e-01 5.000000000000000278e-02
4.047047047047047208e+00 8.859423389195716370e-01 5.000000000000000278e-02
4.051051051051050678e+00 8.230429374147032462e-01 5.000000000000000278e-02
4.055055055055055035e+00 8.516437908502241250e-01 5.000000000000000278e-02
4.059059059059059393e+00 8.723508413608414003e-01 5.000000000000000278e-02
4.063063063063062863e+00 9.698410203414150610e-01 5.000000000000000278e-02
4.067067067067067221e+00 8.930039104901685842e-01 5.000000000000000278e-02
4.071071071071070691e+00 8.274050422142926742e-01 5.000000000000000278e-02
4.075075075075075048e+00 8.616478554398430134e-01 5.000000000000000278e-02
4.079079079079079406e+00 8.241955551963495719e-01 5.000000000000000278e-02
4.083083083083082876e+00 9.529814909647369436e-01 5.000000000000000278e-02
4.087087087087087234e+00 8.807402673615172262e-01 5.000000000000000278e-02
4.091091091091090703e+00 8.884376939268763262e-01 5.000000000000000278e-02
4.095095095095095061e+00 8.785378640569432296e-01 5.000000000000000278e-02
4.099099099099099419e+00 9.161334675714688514e-01 5.000000000000000278e-02
4.103103103103102889e+00 9.053907834865337900e-01 5.000000000000000278e-02
4.107107107107107247e+00 9.941508880256180181e-01 5.000000000000000278e-02
4.111111111111110716e+00 9.190317161777465937e-01 5.000000000000000278e-02
4.115115115115115074e+00 9.310960983786562561e-01 5.000000000000000278e-02
4.119119119119119432e+00 7.639271033850207893e-01 5.000000000000000278e-02
4.123123123123122902e+00 8.142168772449269731e-01 5.000000000000000278e-02
4.127127127127127260e+00 8.091455308336461538e-01 5.000000000000000278e-02
4.131131131131130729e+00 8.673900611596441212e-01 5.000000000000000278e-02
4.135135135135135087e+00 8.838723714259865138e-01 5.000000000000000278e-02
4.139139139139139445e+00 8.261134265765841533e-01 5.000000000000000278e-02
4.143143143143142915e+00 8.081709414047126838e-01 5.000000000000000278e-02
4.147147147147147273e+00 9.487322662197801293e-01 5.000000000000000278e-02
4.151151151151150742e+00 8.910043941264355061e-01 5.000000000000000278e-02
4.155155155155155100e+00 7.932653253648023206e-01 5.000000000000000278e-02
4.159159159159159458e+00 6.859854190162442134e-01 5.000000000000000278e-02
4.163163163163162928e+00 7.750674896996206931e-01 5.000000000000000278e-02
4.167167167167167285e+00 8.206104785193454321e-01 5.000000000000000278e-02
4.171171171171170755e+00 9.684035108208985942e-01 5.000000000000000278e-02
4.175175175175175113e+00 8.142171692316255704e-01 5.000000000000000278e-02
4.179179179179179471e+00 9.191393761368598092e-01 5.000000000000000278e-02
4.183183183183182940e+00 9.020670256884788518e-01 5.000000000000000278e-02
4.187187187187187298e+00 8.929092260023617778e-01 5.000000000000000278e-02
4.191191191191190768e+00 8.950737657175111828e-01 5.000000000000000278e-02
4.195195195195195126e+00 8.931314336341016347e-01 5.000000000000000278e-02
4.199199199199199484e+00 8.496802169990217424e-01 5.000000000000000278e-02
4.203203203203202953e+00 8.381647085328234326e-01 5.000000000000000278e-02
4.207207207207207311e+00 8.087014439319235581e-01 5.000000000000000278e-02
4.211211211211210781e+00 7.557311518990050825e-01 5.000000000000000278e-02
4.215215215215215139e+00 7.759893368937070823e-01 5.000000000000000278e-02
4.219219219219219497e+00 7.843871397154327241e-01 5.000000000000000278e-02
4.223223223223223854e+00 8.221789688740654967e-01 5.000000000000000278e-02
4.227227227227227324e+00 8.245346304989525921e-01 5.000000000000000278e-02
4.231231231231230794e+00 8.816638566832720736e-01 5.000000000000000278e-02
4.235235235235235152e+00 8.032047667774196986e-01 5.000000000000000278e-02
4.239239239239239510e+00 8.144046954386080506e-01 5.000000000000000278e-02
4.243243243243243867e+00 8.078408712544089543e-01 5.000000000000000278e-02
4.247247247247247337e+00 8.511234537724943205e-01 5.000000000000000278e-02
4.251251251251250807e+00 7.976545773670671302e-01 5.000000000000000278e-02
4.255255255255255165e+00 9.289015398286510905e-01 5.000000000000000278e-02
4.259259259259259522e+00 7.778448188879472092e-01 5.000000000000000278e-02
4.263263263263263880e+00 8.029215120036496955e-01 5.000000000000000278e-02
4.267267267267267350e+00 7.846925518911422870e-01 5.000000000000000278e-02
4.271271271271270820e+00 8.247399573107857540e-01 5.000000000000000278e-02
4.275275275275275177e+00 8.317492436248298260e-01 5.000000000000000278e-02
4.279279279279279535e+00 6.834426859296434120e-01 5.000000000000000278e-02
4.283283283283283893e+00 8.382810513818166331e-01 5.000000000000000278e-02
4.287287287287287363e+00 7.547167876232064865e-01 5.000000000000000278e-02
4.291291291291290833e+00 6.833770835993258075e-01 5.000000000000000278e-02
4.295295295295295190e+00 7.848937018688406653e-01 5.000000000000000278e-02
4.299299299299299548e+00 8.824529600106237881e-01 5.000000000000000278e-02
4.303303303303303906e+00 8.509536999741594832e-01 5.000000000000000278e-02
4.307307307307307376e+00 8.534299501173338021e-01 5.000000000000000278e-02
4.311311311311310845e+00 7.584107108260341734e-01 5.000000000000000278e-02
4.315315315315315203e+00 6.990221933712821301e-01 5.000000000000000278e-02
4.319319319319319561e+00 7.636902928723742212e-01 5.000000000000000278e-02
4.323323323323323919e+00 7.409124919409684207e-01 5.000000000000000278e-02
4.327327327327327389e+00 7.368862897949445268e-01 5.000000000000000278e-02
4.331331331331330858e+00 7.834534864890799755e-01 5.000000000000000278e-02
4.335335335335335216e+00 7.916792939514840644e-01 5.000000000000000278e-02
4.339339339339339574e+00 7.474929427697145634e-01 5.000000000000000278e-02
4.343343343343343932e+00 7.071678554766298586e-01 5.000000000000000278e-02
4.347347347347347402e+00 7.943558363056211213e-01 5.000000000000000278e-02
4.351351351351350871e+00 8.200927480729252039e-01 5.000000000000000278e-02
4.355355355355355229e+00 7.664653273409570700e-01 5.000000000000000278e-02
4.359359359359359587e+00 6.940370969190282624e-01 5.000000000000000278e-02
4.363363363363363945e+00 7.541401630589945615e-01 5.000000000000000278e-02
4.367367367367367414e+00 7.576328286599333106e-01 5.000000000000000278e-02
4.371371371371370884e+00 6.752439635431556342e-01 5.000000000000000278e-02
4.375375375375375242e+00 7.488862981574305744e-01 5.000000000000000278e-02
4.379379379379379600e+00 6.835606393025471794e-01 5.000000000000000278e-02
4.383383383383383958e+00 7.365339300756612584e-01 5.000000000000000278e-02
4.387387387387387427e+00 7.693937360770333189e-01 5.000000000000000278e-02
4.391391391391390897e+00 7.503074870046528844e-01 5.000000000000000278e-02
4.395395395395395255e+00 7.814091645262436492e-01 5.000000000000000278e-02
4.399399399399399613e+00 7.287757042521866291e-01 5.000000000000000278e-02
4.403403403403403971e+00 7.022713086904089907e-01 5.000000000000000278e-02
4.407407407407407440e+00 6.942506735442631749e-01 5.000000000000000278e-02
4.411411411411410910e+00 6.901026819709205062e-01 5.000000000000000278e-02
4.415415415415415268e+00 6.611955921056615892e-01 5.000000000000000278e-02
4.419419419419419626e+00 7.342410322637283882e-01 5.000000000000000278e-02
4.423423423423423984e+00 8.043329908575109766e-01 5.000000000000000278e-02
4.427427427427427453e+00 7.917575534963108286e-01 5.000000000000000278e-02
4.431431431431430923e+00 7.737162579956861075e-01 5.000000000000000278e-02
4.435435435435435281e+00 7.708624971842240603e-01 5.000000000000000278e-02
4.439439439439439639e+00 6.549080019109311257e-01 5.000000000000000278e-02
4.443443443443443996e+00 7.317047539880690010e-01 5.000000000000000278e-02
4.447447447447447466e+00 7.622315955402680920e-01 5.000000000000000278e-02
4.451451451451450936e+00 6.490699090051605946e-01 5.000000000000000278e-02
4.455455455455455294e+00 7.783793730568659974e-01 5.000000000000000278e-02
4.459459459459459651e+00 6.986176810848634400e-01 5.000000000000000278e-02
4.463463463463464009e+00 6.549556430996836820e-01 5.000000000000000278e-02
4.467467467467467479e+00 7.086156484092501762e-01 5.000000000000000278e-02
4.471471471471470949e+00 6.111102183128456211e-01 5.000000000000000278e-02
4.475475475475475307e+00 6.132677496316483179e-01 5.000000000000000278e-02
4.479479479479479664e+00 7.859236645211558070e-01 5.000000000000000278e-02
4.483483483483484022e+00 6.375054938389066450e-01 5.000000000000000278e-02
4.487487487487487492e+00 6.359944275851234785e-01 5.000000000000000278e-02
4.491491491491490962e+00 5.369702919691090592e-01 5.000000000000000278e-02
4.495495495495495319e+00 7.343499922897608334e-01 5.000000000000000278e-02
4.499499499499499677e+00 6.636233732471600311e-01 5.000000000000000278e-02
4.503503503503504035e+00 6.224020842283451982e-01 5.000000000000000278e-02
4.507507507507507505e+00 6.025280924624401013e-01 5.000000000000000278e-02
4.511511511511510975e+00 7.164630918735255261e-01 5.000000000000000278e-02
4.515515515515515332e+00 5.574663138765404424e-01 5.000000000000000278e-02
4.519519519519519690e+00 6.907693619218898684e-01 5.000000000000000278e-02
4.523523523523524048e+00 5.274533347677876627e-01 5.000000000000000278e-02
4.527527527527527518e+00 6.364003743524854206e-01 5.000000000000000278e-02
4.531531531531530987e+00 6.426501558296945360e-01 5.000000000000000278e-02
4.535535535535535345e+00 5.937344435715905533e-01 5.000000000000000278e-02
4.539539539539539703e+00 7.097522887922137480e-01 5.000000000000000278e-02
4.543543543543544061e+00 6.753564904077652420e-01 5.000000000000000278e-02
4.547547547547547531e+00 6.177352231446320285e-01 5.000000000000000278e-02
4.551551551551551000e+00 6.741031282869880403e-01 5.000000000000000278e-02
4.555555555555555358e+00 6.024573954191246861e-01 5.000000000000000278e-02
4.559559559559559716e+00 5.912970312787898530e-01 5.000000000000000278e-02
4.563563563563564074e+00 6.811987319998999979e-01 5.000000000000000278e-02
4.567567567567567544e+00 6.041615031700575678e-01 5.000000000000000278e-02
4.571571571571571013e+00 4.691580026349152499e-01 5.000000000000000278e-02
4.575575575575575371e+00 6.460949813398336739e-01 5.000000000000000278e-02
4.579579579579579729e+00 6.339675071709066634e-01 5.000000000000000278e-02
4.583583583583584087e+00 6.721074474898334206e-01 5.000000000000000278e-02
4.587587587587587556e+00 4.989442670061869367e-01 5.000000000000000278e-02
4.591591591591591026e+00 5.443210017223110153e-01 5.000000000000000278e-02
4.595595595595595384e+00 6.529633910862818746e-01 5.000000000000000278e-02
4.599599599599599742e+00 6.668644076145108235e-01 5.000000000000000278e-02
4.603603603603604100e+00 5.860577771471087161e-01 5.000000000000000278e-02
4.607607607607607569e+00 6.290432196084911887e-01 5.000000000000000278e-02
4.611611611611611039e+00 6.635504481646492536e-01 5.000000000000000278e-02
4.615615615615615397e+00 5.298161521096130810e-01 5.000000000000000278e-02
4.619619619619619755e+00 6.055029747017569575e-01 5.000000000000000278e-02
4.623623623623624113e+00 5.201815422642770415e-01 5.000000000000000278e-02
4.627627627627627582e+00 5.791362103111302728e-01 5.000000000000000278e-02
4.631631631631631052e+00 6.270543507852784915e-01 5.000000000000000278e-02
4.635635635635635410e+00 6.301003215455228679e-01 5.000000000000000278e-02
4.639639639639639768e+00 5.567197262737202390e-01 5.000000000000000278e-02
4.643643643643644126e+00 5.138747923394477723e-01 5.000000000000000278e-02
4.647647647647647595e+00 6.094212152927138693e-01 5.000000000000000278e-02
4.651651651651651065e+00 5.329693274972829853e-01 5.000000000000000278e-02
4.655655655655655423e+00 4.979536692507054996e-01 5.000000000000000278e-02
4.659659659659659781e+00 4.345948819161015719e-01 5.000000000000000278e-02
4.663663663663664138e+00 5.130680986522833109e-01 5.000000000000000278e-02
4.667667667667667608e+00 6.000904263768898073e-01 5.000000000000000278e-02
4.671671671671671078e+00 5.367696949155061903e-01 5.000000000000000278e-02
4.675675675675675436e+00 5.225005972832916790e-01 5.000000000000000278e-02
4.679679679679679793e+00 5.408867646845237909e-01 5.000000000000000278e-02
4.683683683683684151e+00 5.324771996047037437e-01 5.000000000000000278e-02
4.687687687687687621e+00 5.466031724087182520e-01 5.000000000000000278e-02
4.691691691691691091e+00 5.023252661255531715e-01 5.000000000000000278e-02
4.695695695695695449e+00 5.156502263363673677e-01 5.000000000000000278e-02
4.699699699699699806e+00 5.047229317751712463e-01 5.000000000000000278e-02
4.703703703703704164e+00 5.148259058117551357e-01 5.000000000000000278e-02
4.707707707707707634e+00 5.123191106503243164e-01 5.000000000000000278e-02
4.711711711711711104e+00 5.427176264794967286e-01 5.000000000000000278e-02
4.715715715715715461e+00 3.408148870656121376e-01 5.000000000000000278e-02
4.719719719719719819e+00 5.079898858097360304e-01 5.000000000000000278e-02
4.723723723723724177e+00 5.468766129054608571e-01 5.000000000000000278e-02
4.727727727727727647e+00 4.399834471136776504e-01 5.000000000000000278e-02
4.731731731731731116e+00 4.381976414364034955e-01 5.000000000000000278e-02
4.735735735735735474e+00 5.295356458672662026e-01 5.000000000000000278e-02
4.739739739739739832e+00 4.335543704265951703e-01 5.000000000000000278e-02
4.743743743743744190e+00 3.515140257031618698e-01 5.000000000000000278e-02
4.747747747747747660e+00 5.383531300490842497e-01 5.000000000000000278e-02
4.751751751751751129e+00 5.039432788268847219e-01 5.000000000000000278e-02
4.755755755755755487e+00 5.245454023132239962e-01 5.000000000000000278e-02
4.759759759759759845e+00 4.041729480099020555e-01 5.000000000000000278e-02
4.763763763763764203e+00 4.617207400711226817e-01 5.000000000000000278e-02
4.767767767767767673e+00 4.918834742411789529e-01 5.000000000000000278e-02
4.771771771771771142e+00 5.048869788145238235e-01 5.000000000000000278e-02
4.775775775775775500e+00 4.700489916077817409e-01 5.000000000000000278e-02
4.779779779779779858e+00 4.420380391331220626e-01 5.000000000000000278e-02
4.783783783783784216e+00 4.705355465714258778e-01 5.000000000000000278e-02
4.787787787787787686e+00 4.831056619461365775e-01 5.000000000000000278e-02
4.791791791791791155e+00 3.892948562859705475e-01 5.000000000000000278e-02
4.795795795795795513e+00 4.090805930991575634e-01 5.000000000000000278e-02
4.799799799799799871e+00 4.175663643162999539e-01 5.000000000000000278e-02
4.803803803803804229e+00 4.391813095566072245e-01 5.000000000000000278e-02
4.807807807807807698e+00 4.143289412270464434e-01 5.000000000000000278e-02
4.811811811811811168e+00 4.496150161778855736e-01 5.000000000000000278e-02
4.815815815815815526e+00 4.236366033346180004e-01 5.000000000000000278e-02
4.819819819819819884e+00 3.824318187420552295e-01 5.000000000000000278e-02
4.823823823823824242e+00 3.766191156177474686e-01 5.000000000000000278e-02
4.827827827827827711e+00 4.380282758595255843e-01 5.000000000000000278e-02
4.831831831831831181e+00 4.113586553667141210e-01 5.000000000000000278e-02
4.835835835835835539e+00 4.097144006352765322e-01 5.000000000000000278e-02
4.839839839839839897e+00 3.798998112695325946e-01 5.000000000000000278e-02
4.843843843843844255e+00 3.640637700581886849e-01 5.000000000000000278e-02
4.847847847847847724e+00 3.790532315817064513e-01 5.000000000000000278e-02
4.851851851851851194e+00 3.070866775806664895e-01 5.000000000000000278e-02
4.855855855855855552e+00 4.169436498513111045e-01 5.000000000000000278e-02
4.859859859859859910e+00 3.474335905988532036e-01 5.000000000000000278e-02
4.863863863863864268e+00 3.025087008308428582e-01 5.000000000000000278e-02
4.867867867867867737e+00 3.674492294414783422e-01 5.000000000000000278e-02
4.871871871871871207e+00 4.261955226226756821e-01 5.000000000000000278e-02
4.875875875875875565e+00 3.987575897098087352e-01 5.000000000000000278e-02
4.879879879879879923e+00 3.526362791643313788e-01 5.000000000000000278e-02
4.883883883883884280e+00 3.751538615078719441e-01 5.000000000000000278e-02
4.887887887887887750e+00 3.765361438152544649e-01 5.000000000000000278e-02
4.891891891891891220e+00 3.883936489535507186e-01 5.000000000000000278e-02
4.895895895895895578e+00 3.561058904678161552e-01 5.000000000000000278e-02
4.899899899899899935e+00 2.423832061642997304e-01 5.000000000000000278e-02
4.903903903903904293e+00 2.669534964541318001e-01 5.000000000000000278e-02
4.907907907907907763e+00 3.201492906517913184e-01 5.000000000000000278e-02
4.911911911911911233e+00 3.484446697602663900e-01 5.000000000000000278e-02
4.915915915915915591e+00 3.816188475426377513e-01 5.000000000000000278e-02
4.919919919919919948e+00 2.453945919662166575e-01 5.000000000000000278e-02
4.923923923923924306e+00 3.854298449370670565e-01 5.000000000000000278e-02
4.927927927927927776e+00 3.154090281537726970e-01 5.000000000000000278e-02
4.931931931931931246e+00 3.363045802842019039e-01 5.000000000000000278e-02
4.935935935935935603e+00 2.359152163627776799e-01 5.000000000000000278e-02
4.939939939939939961e+00 3.374919254250210998e-01 5.000000000000000278e-02
4.943943943943944319e+00 3.849144507399289150e-01 5.000000000000000278e-02
4.947947947947947789e+00 2.519429371052405164e-01 5.000000000000000278e-02
4.951951951951951258e+00 3.367107967063027729e-01 5.000000000000000278e-02
4.955955955955955616e+00 2.568147391701259830e-01 5.000000000000000278e-02
4.959959959959959974e+00 2.415857510924870055e-01 5.000000000000000278e-02
4.963963963963964332e+00 2.692246765355601479e-01 5.000000000000000278e-02
4.967967967967967802e+00 3.419053877262481222e-01 5.000000000000000278e-02
4.971971971971972160e+00 3.206218702674671350e-01 5.000000000000000278e-02
4.975975975975975629e+00 2.914550726583775009e-01 5.000000000000000278e-02
4.979979979979979987e+00 3.117362804696552914e-01 5.000000000000000278e-02
4.983983983983984345e+00 2.159523934891695585e-01 5.000000000000000278e-02
4.987987987987987815e+00 2.665155915945129905e-01 5.000000000000000278e-02
4.991991991991992172e+00 3.273081553392135357e-01 5.000000000000000278e-02
4.995995995995995642e+00 3.050024345398640313e-01 5.000000000000000278e-02
5.000000000000000000e+00 3.212982254496950518e-01 5.000000000000000278e-02
